product_id,product_name,category,stock,supplier,discount,rating,reviews,sku,warehouse,brand,price,return_policy_duration
1,Product C,Home,83,Supplier Z,17.92011193469083,2.642116455786864,66,SKU001,Warehouse B,Brand X,206.023000004478,30
2,Product A,Electronics,45,Supplier Y,1.03309257967158,3.015927702745451,51,SKU001,Warehouse C,Brand X,443.641578386826,15
3,Product C,Home,79,Supplier Z,4.845421733890554,4.868813823368773,5,SKU002,Warehouse B,Brand Z,414.6563251804426,7
4,Product C,Electronics,80,Supplier Y,14.52516235993095,3.646445986033569,9,SKU001,Warehouse A,Brand X,434.6297698987732,7
5,Product A,Home,2,Supplier Z,32.9852241073546,4.619980903889299,37,SKU001,Warehouse B,Brand Y,589.7056805624725,30
6,Product A,Home,93,Supplier Z,4.925753673426692,1.715034013884257,76,SKU001,Warehouse C,Brand Y,525.9619876644022,30
7,Product C,Electronics,68,Supplier Z,28.03284267503409,2.932944624980608,11,SKU002,Warehouse A,Brand Z,158.2793603640937,30
8,Product B,Home,50,Supplier X,5.994293541200213,4.634646679380202,45,SKU003,Warehouse A,Brand X,74.92328192016996,30
9,Product C,Clothing,29,Supplier Y,10.58076636746907,2.290448245765671,48,SKU003,Warehouse A,Brand X,732.1212942392751,15
10,Product C,Electronics,95,Supplier X,8.609426377788138,4.870656792585683,90,SKU002,Warehouse A,Brand Z,564.1202615690303,15
11,Product C,Clothing,81,Supplier X,3.361431778540525,1.38830996189463,71,SKU003,Warehouse C,Brand Z,365.4107603984711,30
12,Product C,Electronics,10,Supplier Z,33.56649086932951,4.610684681100148,62,SKU002,Warehouse B,Brand X,810.2742442730931,30
13,Product A,Home,27,Supplier Y,23.17017736930173,2.780848488263435,68,SKU001,Warehouse A,Brand Z,394.1778895183474,15
14,Product C,Home,15,Supplier Y,41.55267204486691,1.294976660564643,99,SKU003,Warehouse B,Brand Y,798.0054387046015,30
15,Product B,Home,60,Supplier Y,4.944541999115848,4.518086370344349,42,SKU002,Warehouse B,Brand Z,312.6985662372509,7
16,Product A,Electronics,31,Supplier Y,7.236646666903612,2.007760849636454,93,SKU002,Warehouse B,Brand Y,82.11684456974776,15
17,Product B,Clothing,21,Supplier X,15.32288656752253,1.089000501980901,59,SKU001,Warehouse B,Brand Y,933.3132968619298,7
18,Product B,Clothing,60,Supplier X,38.29329934694041,1.543228422276769,28,SKU002,Warehouse C,Brand Y,400.6056179885594,7
19,Product B,Electronics,58,Supplier Y,15.28794115778494,3.636458967599046,85,SKU003,Warehouse A,Brand X,794.7656471208841,7
20,Product B,Electronics,41,Supplier X,20.42093537493463,4.911245956552779,77,SKU001,Warehouse A,Brand Y,286.3526918900814,7
21,Product A,Clothing,46,Supplier Y,15.08017831485823,1.445848558334067,73,SKU002,Warehouse B,Brand Z,649.9014610024194,30
22,Product A,Clothing,45,Supplier X,4.011214590051498,2.847792192499048,10,SKU001,Warehouse A,Brand Y,874.577764525151,30
23,Product B,Clothing,26,Supplier Z,46.97168114480937,1.72254620379013,34,SKU002,Warehouse B,Brand X,51.22758211658052,30
24,Product B,Clothing,51,Supplier Z,27.42694960355944,3.980146136406368,22,SKU003,Warehouse C,Brand X,832.3294070392284,30
25,Product A,Electronics,36,Supplier Y,39.39165940927484,1.472235599047257,71,SKU003,Warehouse A,Brand X,575.6196749222094,15
26,Product A,Electronics,52,Supplier Y,32.9178546092648,1.959366993923558,20,SKU001,Warehouse B,Brand X,611.3970363694835,30
27,Product A,Home,81,Supplier X,25.71271395309875,1.785623870596285,36,SKU002,Warehouse A,Brand Z,527.9264207979228,15
28,Product C,Clothing,51,Supplier Y,4.483912832969006,3.210079121467912,27,SKU001,Warehouse B,Brand X,875.730352250806,7
29,Product C,Home,3,Supplier Y,32.13667726351522,4.492736368002529,94,SKU001,Warehouse A,Brand Z,52.99902366328109,15
30,Product C,Electronics,14,Supplier X,7.768517796841606,3.044360804625674,57,SKU003,Warehouse C,Brand X,268.4181076204896,30
31,Product B,Electronics,49,Supplier Y,20.71915846781383,1.232973811085885,52,SKU001,Warehouse A,Brand X,877.0049134705638,7
32,Product C,Home,77,Supplier Y,31.45565717402152,3.253555722387325,27,SKU002,Warehouse C,Brand Z,754.8222455066365,7
33,Product B,Clothing,91,Supplier Z,39.11145002360617,4.190083997272037,41,SKU003,Warehouse C,Brand Y,27.46870857681979,30
34,Product B,Clothing,1,Supplier Z,34.25225878543097,1.528624789217291,90,SKU002,Warehouse B,Brand Z,521.8362203776115,7
35,Product C,Clothing,57,Supplier Z,33.57667645273144,1.290844857378367,84,SKU001,Warehouse B,Brand Y,534.2769539055481,7
36,Product B,Clothing,17,Supplier Y,7.452110458760375,1.751231110230276,72,SKU003,Warehouse A,Brand Z,406.8733137766313,7
37,Product C,Home,50,Supplier X,17.30642700357939,3.98434529128651,92,SKU002,Warehouse C,Brand Y,304.4193987413698,15
38,Product C,Home,98,Supplier Z,2.145613633009708,3.366721678128006,60,SKU002,Warehouse B,Brand X,684.9076019082187,7
39,Product A,Electronics,14,Supplier Y,35.97384465882323,3.162378615846996,78,SKU001,Warehouse C,Brand Y,215.7125600577063,7
40,Product C,Clothing,59,Supplier Z,47.62929906587095,1.997919578527073,32,SKU002,Warehouse C,Brand Y,800.959076450989,15
41,Product A,Clothing,81,Supplier X,13.20551950895379,2.328946380987438,54,SKU001,Warehouse C,Brand X,805.0067891597971,30
42,Product C,Clothing,3,Supplier X,4.384835458115466,4.863540051773369,36,SKU001,Warehouse A,Brand X,421.1088231970923,15
43,Product C,Home,98,Supplier X,23.77850383768268,1.962500906917543,46,SKU001,Warehouse C,Brand Y,290.7125308005512,15
44,Product A,Clothing,40,Supplier X,42.83491115637844,4.606581693020354,35,SKU001,Warehouse C,Brand Y,291.0393997748061,30
45,Product A,Home,89,Supplier X,27.59870976358899,3.322126017830946,27,SKU003,Warehouse A,Brand Z,487.468410756248,30
46,Product C,Clothing,66,Supplier X,2.338857509505665,1.493185865484991,9,SKU002,Warehouse A,Brand X,722.3834325018652,15
47,Product B,Clothing,34,Supplier Y,48.7136120263973,2.869249512620272,22,SKU002,Warehouse B,Brand X,365.2800040839202,7
48,Product A,Electronics,90,Supplier Z,41.43249549813003,4.794194869443503,91,SKU003,Warehouse C,Brand X,613.942912003174,30
49,Product B,Clothing,95,Supplier X,6.579703852575508,2.674262392549434,97,SKU001,Warehouse C,Brand Z,388.6596159767684,7
50,Product B,Clothing,9,Supplier Z,46.08988782517545,4.453546259157449,4,SKU001,Warehouse A,Brand Z,311.4779572598695,30
51,Product B,Electronics,94,Supplier Z,22.53441443025943,2.025714778606831,81,SKU001,Warehouse A,Brand Y,34.61092075663622,7
52,Product A,Home,84,Supplier Y,18.59489952874706,3.283688607201492,5,SKU001,Warehouse B,Brand Z,13.87496467803673,15
53,Product B,Home,21,Supplier X,23.05266652635941,4.375408232807895,41,SKU003,Warehouse A,Brand Z,234.9356010536844,15
54,Product A,Clothing,93,Supplier X,41.72859784354736,4.682753764678782,46,SKU002,Warehouse A,Brand Z,412.3422239329855,15
55,Product B,Home,25,Supplier Y,32.97398391433929,2.943293468605203,86,SKU001,Warehouse A,Brand X,852.7485556884396,15
56,Product C,Clothing,44,Supplier Y,2.962422619986377,3.558752408581716,27,SKU001,Warehouse A,Brand Y,800.4994005011212,30
57,Product C,Electronics,25,Supplier Y,47.88021855580855,1.011920523129324,12,SKU001,Warehouse B,Brand Z,274.49360996211,15
58,Product A,Electronics,9,Supplier Y,7.389206673915888,2.012893230053558,24,SKU002,Warehouse C,Brand Z,252.0950385544564,7
59,Product C,Clothing,62,Supplier Y,37.27839758676755,2.114848414987783,6,SKU002,Warehouse C,Brand Z,235.0488503593272,15
60,Product C,Electronics,26,Supplier Z,31.80682652140655,1.373972046617723,65,SKU003,Warehouse C,Brand X,345.8449671235783,15
61,Product B,Electronics,57,Supplier Y,9.376402397328043,2.118780053427907,79,SKU002,Warehouse C,Brand Y,503.2167323660685,15
62,Product A,Clothing,37,Supplier X,8.536603805652481,2.284488132232557,57,SKU002,Warehouse C,Brand Y,444.2810943112597,15
63,Product B,Clothing,16,Supplier X,43.5163796852346,4.875064158272773,65,SKU001,Warehouse A,Brand Z,226.0904667936788,30
64,Product B,Electronics,37,Supplier Y,20.98474617497986,3.674409522243351,35,SKU002,Warehouse C,Brand Y,139.1468958441818,30
65,Product B,Home,76,Supplier Y,32.72882570870693,2.704020317665377,1,SKU001,Warehouse A,Brand X,22.45203436133343,30
66,Product B,Home,24,Supplier Y,25.20355019283366,4.952217842782037,37,SKU003,Warehouse C,Brand Z,162.4236062798388,7
67,Product B,Clothing,26,Supplier Y,36.36767585379798,1.612929280938445,73,SKU001,Warehouse C,Brand Y,708.3028064921771,7
68,Product B,Clothing,20,Supplier Y,23.96211875196653,2.904204775721938,13,SKU003,Warehouse A,Brand Z,251.2021836521271,15
69,Product B,Home,9,Supplier X,14.36899576277842,3.588248828196198,26,SKU002,Warehouse C,Brand X,473.9157920202947,7
70,Product A,Electronics,87,Supplier Z,18.16916854982482,1.222322537936308,14,SKU003,Warehouse A,Brand Z,595.3881374340123,7
71,Product C,Home,29,Supplier Y,42.95388472251713,3.867995432332475,84,SKU001,Warehouse B,Brand X,887.9724938032911,7
72,Product B,Home,31,Supplier Y,23.40173464613635,1.39946941168796,11,SKU002,Warehouse B,Brand Z,889.9665474094853,7
73,Product B,Home,19,Supplier Y,10.67246661223046,1.561129234398708,42,SKU002,Warehouse B,Brand Z,748.2763963445453,30
74,Product B,Home,20,Supplier X,46.73026940386266,1.638758049848336,96,SKU001,Warehouse C,Brand Y,44.80542212801641,30
75,Product B,Clothing,87,Supplier X,39.83002282491885,4.715559306622071,56,SKU002,Warehouse C,Brand Y,579.3197148945608,7
76,Product B,Clothing,27,Supplier Z,2.783307302809956,3.732942180552671,85,SKU001,Warehouse C,Brand X,788.7176361231914,7
77,Product B,Electronics,94,Supplier Z,49.94714809902589,3.621710004412416,47,SKU003,Warehouse C,Brand X,27.11516431572958,30
78,Product C,Electronics,85,Supplier Z,34.74633482200512,3.221973985859969,60,SKU003,Warehouse A,Brand X,554.1877675200125,15
79,Product C,Electronics,44,Supplier Z,8.013329952029347,2.171223994780411,81,SKU002,Warehouse B,Brand Y,859.1865043281691,30
80,Product B,Electronics,35,Supplier X,11.85838406492982,3.483558818397406,43,SKU001,Warehouse A,Brand Z,479.3610550838443,7
81,Product C,Home,71,Supplier Z,34.62227406207735,2.640598879554559,51,SKU001,Warehouse B,Brand X,14.06514086847397,7
82,Product A,Clothing,22,Supplier Y,38.9880527639561,1.58166460037046,61,SKU003,Warehouse B,Brand Z,20.90322475225138,7
83,Product B,Clothing,74,Supplier X,11.95179715749031,3.758389161310932,1,SKU001,Warehouse A,Brand Z,422.469677039613,30
84,Product A,Electronics,87,Supplier X,12.84844269496354,1.518328671719691,92,SKU002,Warehouse A,Brand Y,163.458580742587,7
85,Product A,Electronics,15,Supplier X,15.35603474360304,1.762674324084693,70,SKU002,Warehouse A,Brand Y,667.806150522327,30
86,Product B,Home,94,Supplier Y,29.90091824183184,4.270797247390424,30,SKU003,Warehouse B,Brand Z,711.7112722570924,15
87,Product C,Home,98,Supplier X,8.590808915063846,3.640468384500616,81,SKU001,Warehouse A,Brand X,186.1009975060223,7
88,Product A,Electronics,13,Supplier Y,5.212159944238875,3.52396461685457,72,SKU002,Warehouse C,Brand Y,889.6479556392401,7
89,Product B,Clothing,4,Supplier Z,33.94320445427568,2.672811137370896,71,SKU002,Warehouse A,Brand Z,447.4887665291366,15
90,Product A,Clothing,82,Supplier X,38.95489698965851,2.585122072957485,32,SKU002,Warehouse B,Brand Y,151.4174485160045,30
91,Product A,Clothing,56,Supplier Y,25.04647022082527,3.761050436741605,4,SKU001,Warehouse B,Brand Z,766.6090820887015,7
92,Product A,Electronics,23,Supplier X,18.19163551341927,3.960022154436183,77,SKU003,Warehouse A,Brand Y,792.0747550166051,7
93,Product A,Clothing,97,Supplier Z,21.60213567632382,3.040852809457242,57,SKU003,Warehouse A,Brand X,642.9025179388029,7
94,Product C,Home,98,Supplier X,19.42039169359759,4.877076977394105,76,SKU002,Warehouse B,Brand X,854.9308976705275,7
95,Product A,Home,34,Supplier Z,47.99924541188376,4.822798235675488,10,SKU003,Warehouse B,Brand Y,739.9992423103646,15
96,Product A,Electronics,99,Supplier X,38.40449526095701,2.649717960051035,83,SKU002,Warehouse A,Brand Y,883.3836798547206,30
97,Product A,Home,17,Supplier Y,10.40436074250551,4.282489017132614,22,SKU002,Warehouse C,Brand Y,439.5491680006247,15
98,Product C,Electronics,28,Supplier Z,19.209457602699,3.173071366393661,44,SKU001,Warehouse C,Brand X,750.1211568184481,30
99,Product A,Clothing,14,Supplier X,27.20061456815549,3.047023550228698,26,SKU002,Warehouse C,Brand Y,999.7540477947539,15
100,Product A,Clothing,34,Supplier Z,30.64929310318442,1.219856245514607,78,SKU002,Warehouse B,Brand X,727.681885544423,15
101,Product C,Clothing,75,Supplier Z,23.40919480143835,3.295898841873241,93,SKU001,Warehouse C,Brand Y,123.0419424347608,30
102,Product C,Home,57,Supplier Y,40.50633175059796,4.602311722252658,55,SKU001,Warehouse C,Brand Y,523.1355352048912,7
103,Product C,Electronics,77,Supplier Y,38.38030097291158,4.120535396780369,58,SKU003,Warehouse A,Brand Z,591.4743133305976,7
104,Product A,Clothing,97,Supplier Y,25.25789593140833,4.145268578797048,79,SKU001,Warehouse A,Brand X,182.4685683206771,15
105,Product C,Electronics,55,Supplier Y,42.72146933908652,1.639716154305357,39,SKU002,Warehouse C,Brand Y,963.2627178362573,15
106,Product C,Clothing,66,Supplier Z,37.55447652211929,2.433797788534255,17,SKU001,Warehouse B,Brand X,183.8239798582701,15
107,Product A,Home,98,Supplier Z,38.92909243603216,1.932819666600943,50,SKU001,Warehouse C,Brand Z,185.7823405160905,7
108,Product C,Home,93,Supplier X,47.82003897167083,2.263661129822544,60,SKU003,Warehouse A,Brand X,916.0154665948094,30
109,Product A,Electronics,37,Supplier X,13.32334706046013,3.318157373974902,22,SKU001,Warehouse A,Brand X,470.5533787904544,7
110,Product B,Home,68,Supplier X,13.38240811834246,2.459135253480992,35,SKU002,Warehouse A,Brand X,72.55639648177103,15
111,Product C,Home,76,Supplier Y,44.44761278453201,3.242791269857064,37,SKU002,Warehouse C,Brand X,602.2056249391433,7
112,Product B,Electronics,26,Supplier Z,38.61131866928397,2.754004993098308,71,SKU002,Warehouse B,Brand X,605.8080851467174,7
113,Product A,Clothing,61,Supplier Z,46.32727707178137,2.146462233798911,55,SKU001,Warehouse C,Brand X,73.85575109969618,7
114,Product C,Home,92,Supplier X,3.156508016222653,1.381613736820634,38,SKU001,Warehouse A,Brand X,972.7972706773254,30
115,Product A,Electronics,67,Supplier X,31.38785386307983,4.56735382937913,92,SKU002,Warehouse A,Brand Y,548.5896656416298,15
116,Product B,Home,84,Supplier Z,7.231416906172372,1.045493464018595,75,SKU001,Warehouse A,Brand Y,564.1977649579666,7
117,Product A,Home,74,Supplier Y,25.19485991462913,1.006609952567885,81,SKU003,Warehouse A,Brand X,524.9142603573706,7
118,Product C,Home,52,Supplier X,7.787346592672212,4.307190959054184,82,SKU003,Warehouse C,Brand X,614.6244618481738,15
119,Product C,Home,18,Supplier X,6.403925449243964,4.98724376130316,99,SKU003,Warehouse C,Brand Y,271.6567552460174,7
120,Product B,Electronics,53,Supplier Z,0.6084172691016576,3.908411310854625,96,SKU003,Warehouse B,Brand Z,294.3689344950924,7
121,Product A,Electronics,63,Supplier Z,31.51194061914522,1.061095352251539,68,SKU002,Warehouse A,Brand Y,516.2256988981715,7
122,Product C,Electronics,53,Supplier X,17.9511308345043,1.906760906674053,27,SKU001,Warehouse C,Brand Z,808.6189962159438,7
123,Product B,Home,27,Supplier X,5.259414243948584,4.887290801047845,89,SKU003,Warehouse C,Brand X,59.36593072923707,15
124,Product C,Home,31,Supplier Y,16.14188888656549,4.234417008695339,20,SKU002,Warehouse A,Brand X,607.3701700980436,7
125,Product C,Home,91,Supplier Y,8.447204572579247,3.267199375218844,61,SKU003,Warehouse C,Brand Y,808.7103610812509,30
126,Product A,Electronics,1,Supplier Y,47.08474157508297,1.947442837761436,22,SKU001,Warehouse A,Brand Y,165.3480993168549,7
127,Product C,Home,6,Supplier Y,16.00024428806741,1.057480823706996,20,SKU003,Warehouse B,Brand Y,24.87231656076063,30
128,Product A,Clothing,11,Supplier X,16.6976761644695,1.083445890549636,74,SKU003,Warehouse A,Brand X,319.5861621900435,15
129,Product C,Home,34,Supplier X,41.99290016997928,3.447923454120907,15,SKU003,Warehouse A,Brand Y,592.2622696623022,7
130,Product B,Clothing,84,Supplier X,32.38778806430021,1.087327505409692,61,SKU003,Warehouse C,Brand Y,146.9003416707002,30
131,Product C,Home,63,Supplier Y,35.50858037015006,4.974520567701491,96,SKU001,Warehouse B,Brand Z,431.8611472627607,30
132,Product A,Electronics,53,Supplier X,31.80009019944803,1.733535333974952,90,SKU002,Warehouse B,Brand X,556.7982824005352,7
133,Product A,Home,85,Supplier Z,47.30981419742827,3.842829447477109,64,SKU003,Warehouse C,Brand X,602.894263809744,7
134,Product B,Clothing,85,Supplier Y,10.35004157790226,1.620238885649654,79,SKU002,Warehouse B,Brand X,281.6676037903714,15
135,Product C,Clothing,18,Supplier Z,49.45196208778979,3.160373684390858,4,SKU001,Warehouse B,Brand Y,406.0293396264285,15
136,Product C,Home,21,Supplier Y,41.54780887782566,1.32244515386487,45,SKU001,Warehouse A,Brand X,780.5558367768831,7
137,Product B,Clothing,19,Supplier X,29.44862944381711,4.067113698132973,63,SKU003,Warehouse C,Brand Y,941.8025471794787,15
138,Product C,Clothing,4,Supplier Y,33.11858121981245,3.339684378899319,81,SKU002,Warehouse B,Brand Z,863.2615278070747,15
139,Product C,Electronics,77,Supplier Z,32.44129382503071,1.34466677360566,40,SKU003,Warehouse B,Brand X,568.6406667160976,15
140,Product A,Home,82,Supplier Y,2.919811202957695,4.394344756800022,97,SKU001,Warehouse B,Brand Z,416.1898749145071,15
141,Product C,Home,29,Supplier Z,10.90082492659693,3.188074459106808,43,SKU003,Warehouse A,Brand Z,339.6270482277041,7
142,Product C,Home,25,Supplier X,48.07354422623746,4.686369240053272,88,SKU003,Warehouse A,Brand X,133.7070004231779,7
143,Product B,Clothing,56,Supplier Z,26.71822144296896,4.666493494712451,97,SKU002,Warehouse C,Brand X,115.4857347439519,30
144,Product B,Home,77,Supplier X,18.9176801630956,4.68203115794633,14,SKU001,Warehouse C,Brand Y,691.4740486645211,15
145,Product A,Home,63,Supplier Z,38.10192316945375,1.311140800801872,67,SKU003,Warehouse A,Brand Z,267.1964720094488,7
146,Product C,Electronics,27,Supplier X,26.22594713279048,1.483831047018094,50,SKU003,Warehouse C,Brand Z,262.1150695681223,30
147,Product C,Electronics,60,Supplier Z,0.6581385715948795,4.950823238864792,53,SKU003,Warehouse C,Brand Y,998.2131039330078,15
148,Product C,Electronics,83,Supplier X,36.8118798357559,2.950403285594824,67,SKU002,Warehouse C,Brand X,196.0466982950574,30
149,Product A,Clothing,49,Supplier X,36.61087800264306,1.952856211316591,88,SKU001,Warehouse A,Brand Z,156.5791618939413,15
150,Product A,Home,65,Supplier X,8.25743560549872,4.078657953994632,76,SKU003,Warehouse A,Brand Y,107.6983754823214,7
151,Product B,Electronics,38,Supplier Z,47.83300442121067,2.057140884849928,41,SKU003,Warehouse B,Brand Z,584.0072917151282,30
152,Product A,Electronics,83,Supplier Z,11.19540657705572,3.908862752074569,45,SKU003,Warehouse B,Brand Z,631.5851877420804,7
153,Product C,Electronics,52,Supplier X,22.88746836910996,4.349143111399044,24,SKU001,Warehouse B,Brand Y,371.5756469943131,15
154,Product C,Home,1,Supplier Y,5.736798063045734,4.137053509181122,66,SKU002,Warehouse B,Brand Z,540.0592021563531,15
155,Product A,Home,40,Supplier X,30.16411597252942,2.096191232791742,34,SKU002,Warehouse C,Brand Y,790.5155356354634,15
156,Product C,Home,81,Supplier Y,18.77255600286063,2.606474296316948,72,SKU003,Warehouse C,Brand Y,819.9231266385309,30
157,Product C,Clothing,21,Supplier X,17.65867311048527,2.653004012933105,77,SKU003,Warehouse A,Brand Z,958.3329549584918,30
158,Product A,Clothing,86,Supplier Z,41.34884386104736,2.965091672417887,21,SKU002,Warehouse C,Brand Z,826.0253060636458,30
159,Product A,Electronics,15,Supplier Y,0.4780856425239122,1.669491406160544,8,SKU002,Warehouse C,Brand X,569.1930223502524,7
160,Product C,Home,50,Supplier Z,39.89733854462113,2.80988020165737,23,SKU002,Warehouse C,Brand X,187.8603961784775,30
161,Product C,Electronics,48,Supplier Y,28.57242828740393,3.043131962061919,22,SKU003,Warehouse B,Brand Z,108.765922125814,15
162,Product C,Home,32,Supplier Y,49.30492567400995,3.12683598632421,60,SKU003,Warehouse A,Brand X,63.96677101175061,7
163,Product B,Home,49,Supplier Y,29.47216103021245,4.279601719937833,36,SKU002,Warehouse B,Brand X,669.8605734675299,15
164,Product B,Home,68,Supplier Y,2.768956707397896,3.069337993917981,44,SKU002,Warehouse C,Brand Y,809.4608928440132,15
165,Product B,Clothing,45,Supplier Z,2.532266322186316,1.923135690054701,14,SKU001,Warehouse C,Brand Z,513.5971111772383,30
166,Product A,Clothing,32,Supplier Y,44.1576493185916,3.652514952976749,56,SKU003,Warehouse A,Brand X,64.16703308530353,30
167,Product B,Home,4,Supplier X,42.06070727555266,4.189256576346501,99,SKU001,Warehouse B,Brand X,540.1158688454248,30
168,Product A,Electronics,65,Supplier X,17.29450377910116,2.277486665753047,13,SKU002,Warehouse C,Brand X,936.3917689093049,15
169,Product A,Home,97,Supplier Y,30.90162420905686,3.581223716070421,51,SKU003,Warehouse A,Brand Z,601.6370590231359,7
170,Product B,Home,71,Supplier Z,24.47956785278001,1.587751983784051,83,SKU003,Warehouse C,Brand Y,811.3332135781867,30
171,Product B,Electronics,73,Supplier Z,48.35820275680261,2.367705218312256,35,SKU001,Warehouse C,Brand Z,802.151121907833,30
172,Product B,Home,65,Supplier Y,47.49804504384458,4.636895718198536,26,SKU001,Warehouse A,Brand Y,932.8078087828463,7
173,Product C,Electronics,80,Supplier Z,49.19195042703873,4.645232652650283,16,SKU001,Warehouse A,Brand X,772.5264779933746,15
174,Product B,Clothing,18,Supplier Z,43.32243903171321,3.301298314972255,89,SKU001,Warehouse C,Brand Z,750.2235088729586,15
175,Product C,Clothing,54,Supplier Z,45.47757953875507,3.809405843460427,40,SKU003,Warehouse A,Brand Y,241.7616383209342,7
176,Product A,Electronics,47,Supplier Y,10.86393893835682,4.416061660823766,3,SKU002,Warehouse C,Brand X,69.32590376787064,30
177,Product C,Clothing,6,Supplier X,41.55033944948872,4.834212741250507,2,SKU002,Warehouse B,Brand X,522.4234704032697,7
178,Product B,Clothing,66,Supplier X,35.44285566021374,2.959545761159078,18,SKU002,Warehouse C,Brand Z,133.1898658672876,30
179,Product A,Electronics,9,Supplier X,48.13932544140351,3.246302946504137,40,SKU001,Warehouse A,Brand Y,962.5739175152114,7
180,Product A,Clothing,68,Supplier X,28.56309142213097,2.662566266591321,39,SKU002,Warehouse B,Brand X,297.0255150066983,15
181,Product A,Home,23,Supplier X,4.258358335527817,1.287927748225715,57,SKU001,Warehouse A,Brand X,854.4147613504501,15
182,Product C,Home,43,Supplier Z,29.86994455935765,2.691213889795274,38,SKU001,Warehouse C,Brand X,393.7483789504348,15
183,Product B,Electronics,51,Supplier Z,34.32904640106439,4.162509357532309,6,SKU002,Warehouse A,Brand Y,329.9623073588037,15
184,Product A,Clothing,72,Supplier Z,11.01605143562142,4.219541991966114,35,SKU002,Warehouse C,Brand Y,935.8069866528549,7
185,Product A,Home,25,Supplier Y,19.70566917563642,4.569508458373199,82,SKU002,Warehouse A,Brand X,369.6893463653618,7
186,Product A,Home,80,Supplier Z,29.925170702584,1.205866820703876,75,SKU003,Warehouse A,Brand Y,396.3850295765051,30
187,Product C,Clothing,35,Supplier X,18.70528686582528,3.108618358322536,19,SKU001,Warehouse C,Brand X,115.0308618167801,7
188,Product C,Clothing,17,Supplier Z,18.7473858619332,1.429697951748305,75,SKU003,Warehouse B,Brand X,673.7421986296843,30
189,Product B,Home,18,Supplier X,6.65433195863987,1.802968732662973,28,SKU002,Warehouse C,Brand Y,295.9510203327384,7
190,Product C,Home,27,Supplier Z,47.0373361538833,4.600866009522425,93,SKU003,Warehouse B,Brand Y,589.7481261611122,7
191,Product A,Electronics,15,Supplier X,37.52471922475483,2.987165033718783,83,SKU003,Warehouse B,Brand Z,595.4381870126774,7
192,Product B,Electronics,81,Supplier Z,0.06217194330510045,4.034179683586455,67,SKU002,Warehouse B,Brand Z,722.0076986398094,7
193,Product A,Home,69,Supplier X,38.28066420110826,1.257536423714723,65,SKU002,Warehouse B,Brand Y,747.7890713107168,15
194,Product A,Electronics,80,Supplier X,36.98974963289294,2.667306015699408,46,SKU001,Warehouse C,Brand Y,519.307910057524,7
195,Product C,Home,15,Supplier Y,0.4865480077761497,3.696961122657351,93,SKU001,Warehouse C,Brand Y,337.682028127369,30
196,Product B,Home,42,Supplier Z,18.48021488068823,1.533625925112853,22,SKU003,Warehouse B,Brand Y,839.0763858863866,15
197,Product C,Electronics,34,Supplier X,30.33738451627653,2.303271516422733,5,SKU002,Warehouse B,Brand X,316.7669929143999,7
198,Product C,Electronics,48,Supplier Z,22.63753259290179,1.258191220095533,17,SKU001,Warehouse B,Brand X,512.4340035246381,7
199,Product B,Clothing,83,Supplier X,38.89930593602536,3.605359763478042,52,SKU001,Warehouse B,Brand Z,407.2400573716907,30
200,Product A,Clothing,8,Supplier Y,21.2729166317217,4.883565036232474,21,SKU003,Warehouse B,Brand Y,856.5276021099912,15
201,Product A,Clothing,10,Supplier Y,7.693148472691852,4.308181964571318,67,SKU003,Warehouse B,Brand Z,437.5993458343705,15
202,Product B,Home,5,Supplier Y,48.82078121369143,4.898492467230263,74,SKU003,Warehouse A,Brand Y,392.2381969491095,15
203,Product A,Electronics,48,Supplier Y,12.10199963880233,4.382419180393586,34,SKU002,Warehouse B,Brand Y,692.925455968661,15
204,Product B,Home,26,Supplier X,35.88461552706661,4.420783224787915,74,SKU001,Warehouse A,Brand Y,606.4166987628283,30
205,Product B,Electronics,86,Supplier Z,7.157815583203597,3.30870878148537,97,SKU001,Warehouse C,Brand X,116.1743651608876,7
206,Product C,Home,23,Supplier Y,16.45063068919663,3.07300924565284,8,SKU001,Warehouse C,Brand Z,513.0871182805236,7
207,Product B,Clothing,62,Supplier Y,22.10138042152119,2.62501706571131,30,SKU003,Warehouse B,Brand Y,738.1236044499152,15
208,Product C,Clothing,13,Supplier Y,9.611600226353195,4.27237958018352,95,SKU002,Warehouse C,Brand Z,992.1540169454427,30
209,Product A,Clothing,9,Supplier Z,22.49797881843048,1.728270449112098,42,SKU003,Warehouse C,Brand Z,632.8553656306159,7
210,Product A,Home,20,Supplier X,7.8581411495875,1.224899663296773,98,SKU003,Warehouse B,Brand X,376.5901357769046,15
211,Product A,Electronics,92,Supplier X,27.95032694929451,4.791575290738701,74,SKU002,Warehouse C,Brand X,233.8900838040972,15
212,Product A,Electronics,57,Supplier X,33.1856626260097,1.015112740813908,16,SKU002,Warehouse C,Brand Y,874.101931811787,30
213,Product C,Clothing,24,Supplier X,3.121714201400538,4.907317287503407,50,SKU003,Warehouse B,Brand Z,816.4195599923677,30
214,Product A,Clothing,33,Supplier Z,43.55660605410841,3.915413479495063,99,SKU002,Warehouse B,Brand X,241.583592571591,30
215,Product B,Clothing,20,Supplier Z,9.257044252101776,2.313995678791311,65,SKU003,Warehouse B,Brand Z,208.6257692451077,15
216,Product B,Clothing,60,Supplier Z,11.26812126601619,3.791279372345241,23,SKU001,Warehouse A,Brand Z,717.9854090430639,30
217,Product B,Electronics,48,Supplier Y,33.06749200415315,4.27150062874051,14,SKU002,Warehouse B,Brand Y,321.8025412995719,15
218,Product C,Home,64,Supplier Z,23.4375530217207,1.981448223945744,27,SKU001,Warehouse C,Brand Z,313.3348103783383,7
219,Product A,Home,30,Supplier X,24.96977995855329,4.083582733118328,2,SKU002,Warehouse B,Brand X,160.7673445969787,15
220,Product A,Home,73,Supplier Z,6.407749228156634,4.217478500032961,28,SKU003,Warehouse A,Brand Y,271.3357645127316,15
221,Product A,Home,17,Supplier Y,40.28679109382041,1.997418520501382,51,SKU003,Warehouse C,Brand Y,433.2324820167231,7
222,Product C,Clothing,14,Supplier X,30.8527123052105,1.167705417511934,53,SKU003,Warehouse A,Brand Y,735.5099538996914,30
223,Product B,Clothing,19,Supplier Z,6.769102165472801,1.816489138232391,57,SKU003,Warehouse C,Brand X,342.9450134696123,30
224,Product B,Clothing,71,Supplier X,18.6999683512798,1.802585635557578,44,SKU003,Warehouse B,Brand Y,335.3182960850443,15
225,Product A,Home,59,Supplier X,40.52049663675151,1.260961816701933,76,SKU003,Warehouse A,Brand Z,292.0641200269114,15
226,Product B,Clothing,67,Supplier Z,28.41775229933103,3.904029538620784,49,SKU002,Warehouse B,Brand Y,483.5008308359326,7
227,Product B,Clothing,97,Supplier Z,5.432438956646523,2.519899697833633,21,SKU002,Warehouse C,Brand X,188.8303309619021,30
228,Product C,Electronics,44,Supplier Y,18.63885228946434,4.537544669815434,51,SKU001,Warehouse B,Brand X,490.7744266918043,7
229,Product C,Electronics,32,Supplier Z,12.13471992278673,2.008684422660744,52,SKU002,Warehouse B,Brand Y,707.1338006327429,15
230,Product C,Clothing,11,Supplier Z,25.87327768268632,2.812928660399709,30,SKU002,Warehouse C,Brand Z,39.49259899229595,15
231,Product C,Electronics,2,Supplier Z,42.16805644359948,3.556069715707051,70,SKU001,Warehouse A,Brand X,19.68158650270425,7
232,Product A,Electronics,90,Supplier X,21.81335674022099,4.509859798687112,47,SKU001,Warehouse C,Brand X,84.37168105296414,7
233,Product C,Clothing,68,Supplier Y,21.66710151841615,3.098484406477499,89,SKU003,Warehouse C,Brand X,540.303461110831,30
234,Product B,Clothing,17,Supplier X,45.26754511635185,2.494098511249531,30,SKU001,Warehouse B,Brand Y,855.9105323535493,7
235,Product A,Clothing,81,Supplier Z,28.80927062536362,4.468060313888035,3,SKU001,Warehouse C,Brand X,14.83562136004942,30
236,Product B,Clothing,92,Supplier Y,28.30955436987034,2.240985698750442,34,SKU002,Warehouse A,Brand X,937.2946915388342,30
237,Product B,Home,94,Supplier Z,13.09549459376947,1.317694798530306,96,SKU003,Warehouse C,Brand X,115.2157264548304,7
238,Product B,Home,40,Supplier X,30.38613739185632,2.78016843004096,66,SKU001,Warehouse C,Brand Y,843.5636927776441,7
239,Product C,Clothing,87,Supplier X,28.79552337086982,4.140373225991968,63,SKU003,Warehouse B,Brand X,488.0262173331173,30
240,Product C,Electronics,46,Supplier Z,19.8425735170932,1.123123327014092,82,SKU003,Warehouse A,Brand X,662.7638134060555,7
241,Product A,Clothing,88,Supplier Y,49.53477829495903,3.343528979958368,8,SKU001,Warehouse B,Brand Y,515.5761546027106,30
242,Product A,Clothing,93,Supplier X,44.09454824740433,3.377856194108944,45,SKU001,Warehouse B,Brand Y,482.2777429275611,30
243,Product C,Electronics,4,Supplier Z,37.47931450384078,4.714167053709526,82,SKU001,Warehouse A,Brand Z,836.5504340807476,15
244,Product B,Home,38,Supplier Z,26.86727942065002,2.145859268580087,55,SKU001,Warehouse A,Brand X,758.3275157721382,30
245,Product A,Clothing,63,Supplier Z,23.10299009473151,2.115346452842785,55,SKU003,Warehouse C,Brand Y,488.5682141577742,15
246,Product C,Clothing,29,Supplier Y,9.244869761159968,2.761934605358713,82,SKU002,Warehouse A,Brand Z,120.519570102101,7
247,Product C,Home,19,Supplier Z,15.28687370073119,2.427659605886061,25,SKU003,Warehouse B,Brand X,124.2489297212641,30
248,Product C,Home,91,Supplier Z,38.69803999116051,3.945383450757307,59,SKU003,Warehouse A,Brand Y,803.5240661118847,30
249,Product B,Electronics,29,Supplier X,22.68744769687757,3.567008308526198,76,SKU003,Warehouse A,Brand Y,534.0967151340582,7
250,Product C,Home,35,Supplier Z,44.11347582847507,4.035684151625065,85,SKU001,Warehouse A,Brand X,486.773248817169,7
251,Product C,Home,70,Supplier Y,7.395556817276439,4.280167164794756,71,SKU001,Warehouse B,Brand X,683.761172947108,7
252,Product C,Home,23,Supplier Z,25.41735480068182,4.691924530936591,87,SKU002,Warehouse C,Brand Z,860.2531675801177,30
253,Product C,Electronics,46,Supplier Y,32.34828420106544,2.723746927138591,89,SKU002,Warehouse C,Brand X,632.5844129691721,7
254,Product A,Home,44,Supplier Z,25.8424228153963,4.938789557886198,47,SKU002,Warehouse B,Brand X,765.2194233230142,7
255,Product A,Home,48,Supplier Z,44.46134457924936,1.862643253614611,57,SKU003,Warehouse C,Brand X,767.6178188757874,15
256,Product C,Electronics,52,Supplier Z,49.47816409145699,3.857460647789314,62,SKU002,Warehouse C,Brand Y,362.6988343050295,15
257,Product B,Home,8,Supplier Y,5.791732917068487,3.136037269228757,57,SKU003,Warehouse B,Brand Z,281.3423636845857,30
258,Product A,Home,55,Supplier X,6.49774520384605,4.267602378739534,2,SKU001,Warehouse B,Brand Z,803.152426503407,7
259,Product C,Electronics,66,Supplier Y,6.516205678006054,2.907082082425704,6,SKU003,Warehouse C,Brand Z,383.4070038664011,7
260,Product A,Clothing,77,Supplier X,34.05885480352638,4.135754541449725,51,SKU001,Warehouse A,Brand Y,904.3026464574781,15
261,Product A,Electronics,40,Supplier Y,18.63380477479189,4.720674858590712,61,SKU001,Warehouse C,Brand X,78.99378976281844,30
262,Product B,Home,85,Supplier Z,36.66573306329531,3.929177064560349,1,SKU002,Warehouse A,Brand Y,67.63533695458625,7
263,Product C,Home,31,Supplier Z,20.27357364434894,4.104377144873297,32,SKU001,Warehouse B,Brand Z,927.7341185003942,30
264,Product C,Home,48,Supplier X,31.38033606660318,1.268701725063424,11,SKU002,Warehouse A,Brand X,651.9703650396206,15
265,Product B,Electronics,61,Supplier X,38.49290028394468,1.819830648929122,47,SKU002,Warehouse A,Brand X,385.803362883849,7
266,Product B,Home,52,Supplier Y,27.41079553274603,4.897214962014375,75,SKU002,Warehouse A,Brand Z,757.5098106680209,15
267,Product C,Home,38,Supplier Y,26.97517952250031,3.772748015149578,52,SKU003,Warehouse B,Brand X,675.6035418937048,15
268,Product C,Electronics,91,Supplier X,4.411716264281723,3.245796069244018,73,SKU002,Warehouse C,Brand Y,535.8890363514003,15
269,Product B,Clothing,36,Supplier X,20.53908714547174,2.4679054935858,40,SKU002,Warehouse C,Brand Z,107.8846092360248,7
270,Product A,Clothing,87,Supplier Y,27.28885766124688,1.177556004827672,90,SKU001,Warehouse A,Brand Y,814.057791419824,30
271,Product A,Home,55,Supplier X,23.0990412833205,2.47654363185654,81,SKU003,Warehouse C,Brand X,867.3629587738185,7
272,Product B,Electronics,85,Supplier X,45.03910000942128,2.995651493158304,57,SKU002,Warehouse B,Brand Z,180.4470016671226,15
273,Product A,Home,13,Supplier X,45.32653160597447,1.845838037547547,67,SKU002,Warehouse B,Brand X,852.006535457296,30
274,Product B,Electronics,37,Supplier X,41.09586902943808,1.69254716509533,22,SKU002,Warehouse B,Brand Z,879.0688379063986,15
275,Product A,Electronics,47,Supplier Z,18.764903768656,3.033666205430067,84,SKU001,Warehouse B,Brand Z,553.9343261656309,7
276,Product A,Clothing,90,Supplier Z,35.86495758437672,3.343616942510176,35,SKU001,Warehouse C,Brand Z,659.6172458604601,30
277,Product C,Clothing,71,Supplier X,19.76442305348049,1.959671675418099,93,SKU001,Warehouse A,Brand Z,388.4149468143465,7
278,Product C,Electronics,22,Supplier Y,11.62967994878795,3.349557897824852,84,SKU002,Warehouse A,Brand Z,288.9737310341733,30
279,Product A,Home,39,Supplier Z,17.14513217754408,4.601359855497179,86,SKU002,Warehouse A,Brand X,724.7633154821283,15
280,Product A,Clothing,87,Supplier Y,3.548231664276774,2.892693032085415,20,SKU002,Warehouse B,Brand Z,863.2563975256501,15
281,Product C,Home,58,Supplier Y,16.58887545023236,4.429560678348725,71,SKU002,Warehouse C,Brand Y,657.53677742619,15
282,Product C,Clothing,30,Supplier Z,23.03711086305858,4.709085778133273,54,SKU002,Warehouse C,Brand Z,516.4747045400837,7
283,Product C,Clothing,18,Supplier Y,47.7740447390415,1.369576115748343,55,SKU001,Warehouse C,Brand Y,167.3355191757298,7
284,Product B,Home,18,Supplier Y,15.67052931098125,1.383246318627188,12,SKU002,Warehouse C,Brand X,62.92412547876998,15
285,Product A,Clothing,74,Supplier X,45.12267696027603,2.904176731550406,21,SKU003,Warehouse C,Brand Z,451.234872344279,15
286,Product C,Clothing,39,Supplier X,11.44291379117485,3.352409777270811,6,SKU002,Warehouse C,Brand Z,58.85606806044706,30
287,Product A,Home,94,Supplier X,9.548444887962471,2.703533857860117,23,SKU001,Warehouse A,Brand Y,573.6412855881529,30
288,Product B,Clothing,26,Supplier Z,25.94977282160825,2.305803081670012,60,SKU002,Warehouse B,Brand Z,388.9018994045936,7
289,Product B,Clothing,71,Supplier X,33.6255684648703,3.563976464504623,4,SKU003,Warehouse A,Brand X,759.6172284851498,30
290,Product C,Clothing,7,Supplier Y,2.216612540114071,1.008326049399681,49,SKU002,Warehouse C,Brand X,312.5920118678216,7
291,Product B,Home,69,Supplier Y,11.05329325236083,4.87229312345497,61,SKU003,Warehouse B,Brand Z,597.0528739577578,7
292,Product A,Electronics,65,Supplier Y,22.78418332506582,1.928316352752089,54,SKU003,Warehouse B,Brand Y,542.3066865375495,30
293,Product C,Home,46,Supplier Y,16.55021679915907,4.668395074332029,25,SKU001,Warehouse B,Brand X,14.66530126701875,30
294,Product A,Electronics,18,Supplier Y,35.63105396741609,1.436058978138024,9,SKU003,Warehouse B,Brand Z,81.66550428166724,30
295,Product A,Clothing,13,Supplier Z,25.55802980206584,1.95234872817829,10,SKU002,Warehouse C,Brand Y,297.4645303611603,15
296,Product B,Electronics,25,Supplier Y,8.017955280195011,1.939494804350002,39,SKU003,Warehouse C,Brand Y,883.4127302105575,15
297,Product B,Home,8,Supplier Z,44.72326896575453,4.984611616802585,10,SKU002,Warehouse B,Brand X,155.5448053507808,30
298,Product B,Home,74,Supplier Y,14.64528377416798,1.018402182903538,93,SKU002,Warehouse C,Brand Z,713.7853871559362,15
299,Product B,Clothing,32,Supplier Z,36.55655544822118,3.558552837213983,3,SKU002,Warehouse B,Brand X,973.6329004907644,7
300,Product B,Electronics,17,Supplier Z,38.99578895527049,4.478746324243412,1,SKU002,Warehouse C,Brand Y,792.6618771642436,15
301,Product C,Clothing,79,Supplier Y,48.15788501280511,3.689094616098947,76,SKU001,Warehouse B,Brand X,250.5159080701735,15
302,Product A,Clothing,79,Supplier Y,24.92537332620507,2.450935272867777,38,SKU002,Warehouse C,Brand Z,909.2816078089509,15
303,Product A,Home,48,Supplier Y,30.79177577322161,4.833237450811739,80,SKU001,Warehouse A,Brand X,102.1760849433062,7
304,Product A,Electronics,63,Supplier Y,16.74381467397669,4.574083018356164,22,SKU003,Warehouse A,Brand Y,473.4605224520284,7
305,Product A,Electronics,40,Supplier X,33.90896467060332,2.735819680998071,44,SKU002,Warehouse C,Brand X,888.6664886491496,30
306,Product B,Electronics,84,Supplier X,23.16917429331599,3.293313970444654,73,SKU003,Warehouse C,Brand Y,644.8530521643011,15
307,Product A,Electronics,15,Supplier Z,21.88261823622111,4.870076751220963,76,SKU001,Warehouse A,Brand Y,419.5081190804219,15
308,Product C,Clothing,99,Supplier Z,42.77337645580527,4.93024144770588,41,SKU002,Warehouse C,Brand Y,299.8847380697971,7
309,Product C,Clothing,6,Supplier X,2.508442174934433,2.799293102871809,41,SKU002,Warehouse B,Brand X,381.3484112651665,15
310,Product A,Home,94,Supplier Z,44.09812139159342,4.389400112572354,28,SKU001,Warehouse C,Brand Z,513.8523631991934,7
311,Product A,Clothing,63,Supplier Y,42.60349189142785,2.207920907815745,15,SKU003,Warehouse C,Brand Y,325.8534905740793,15
312,Product C,Clothing,8,Supplier Z,25.31831267808946,2.487251491722659,66,SKU001,Warehouse A,Brand X,969.2781834614767,30
313,Product C,Home,95,Supplier Z,24.51014271028141,1.659287531960905,99,SKU003,Warehouse A,Brand Y,933.7468765354837,7
314,Product B,Home,32,Supplier Z,18.09036840177451,1.836738371106921,59,SKU003,Warehouse C,Brand X,871.9647535321775,7
315,Product C,Home,45,Supplier X,49.70868958408672,3.627493209037436,3,SKU003,Warehouse B,Brand Y,427.6115371674269,7
316,Product B,Clothing,52,Supplier X,5.558466637692061,3.043126472028324,99,SKU002,Warehouse C,Brand X,694.3887516418766,15
317,Product B,Clothing,79,Supplier Z,29.51076178143035,1.924527442502411,15,SKU001,Warehouse B,Brand Y,903.801013965605,30
318,Product B,Home,82,Supplier Y,34.08407950562085,2.61163846544661,40,SKU002,Warehouse B,Brand Y,851.9251928021388,7
319,Product B,Home,13,Supplier Z,46.71650041084722,2.492733839454727,5,SKU001,Warehouse C,Brand Y,420.1837438800056,30
320,Product B,Home,24,Supplier X,39.01017484283808,4.949440818141337,41,SKU003,Warehouse B,Brand Z,121.2621888290381,7
321,Product A,Clothing,40,Supplier Y,32.19236014057734,4.414263348845518,56,SKU002,Warehouse A,Brand X,84.87406019620397,30
322,Product C,Clothing,14,Supplier Z,5.840615840606134,2.551865333535297,27,SKU002,Warehouse B,Brand Z,581.2934047734457,15
323,Product B,Electronics,92,Supplier X,18.68667584157337,4.655666315584132,99,SKU002,Warehouse B,Brand X,646.2016558588223,15
324,Product C,Clothing,75,Supplier Y,6.942082127399263,2.370541566512685,22,SKU003,Warehouse B,Brand Y,851.3441785510538,30
325,Product C,Clothing,70,Supplier Z,44.06063662327568,3.671606050939438,75,SKU001,Warehouse A,Brand X,299.5898701376207,30
326,Product B,Clothing,62,Supplier X,37.48105777818215,4.86659998672845,41,SKU003,Warehouse A,Brand X,175.7957856445421,15
327,Product A,Home,89,Supplier Y,37.87683933986146,2.561115455954209,94,SKU002,Warehouse C,Brand Y,385.2157748464175,30
328,Product B,Clothing,61,Supplier Z,32.61282588867721,3.719539860419735,11,SKU002,Warehouse B,Brand Y,360.0393723959523,30
329,Product A,Home,1,Supplier Y,25.35217684683548,2.183695244250533,95,SKU003,Warehouse A,Brand Y,141.1442644776762,30
330,Product C,Electronics,89,Supplier Y,7.49855297317486,2.065249262391899,88,SKU002,Warehouse B,Brand X,675.5598259880206,7
331,Product A,Electronics,66,Supplier Y,16.48474433525259,3.296626665726208,63,SKU002,Warehouse B,Brand Y,513.6050213220822,30
332,Product A,Home,32,Supplier X,6.845789623844528,4.917058392132873,57,SKU001,Warehouse C,Brand Y,723.9115285536186,7
333,Product A,Home,13,Supplier Z,36.24565714261716,2.81253539488068,50,SKU001,Warehouse B,Brand X,359.1642089680374,15
334,Product C,Home,33,Supplier Y,8.011438801100251,4.750547881266323,28,SKU001,Warehouse A,Brand Z,332.4451894619253,15
335,Product C,Clothing,32,Supplier Y,35.10567750858428,4.657454080979047,18,SKU001,Warehouse C,Brand X,477.850094513417,15
336,Product A,Electronics,56,Supplier Y,34.61276947979523,2.015050449379979,85,SKU001,Warehouse C,Brand X,878.6332719411955,30
337,Product A,Home,24,Supplier X,22.96522394956445,2.60727762833731,87,SKU001,Warehouse B,Brand X,49.87849366664054,15
338,Product B,Clothing,91,Supplier Y,6.761432705902615,3.573209913976732,96,SKU002,Warehouse B,Brand Y,806.7844891235073,7
339,Product A,Electronics,4,Supplier X,15.74004130670184,3.072183537645567,99,SKU002,Warehouse A,Brand X,375.2977365311789,7
340,Product B,Clothing,88,Supplier X,16.00465545377757,1.383834119452697,44,SKU001,Warehouse B,Brand Z,856.0728355305929,30
341,Product A,Electronics,23,Supplier Y,35.01925665716467,4.974792120508633,53,SKU003,Warehouse A,Brand X,804.1809787474979,7
342,Product B,Clothing,29,Supplier Y,5.687150970686217,4.01061600484512,79,SKU001,Warehouse B,Brand X,355.2736349221275,7
343,Product C,Electronics,98,Supplier X,41.45343231080454,2.750776152898847,65,SKU002,Warehouse A,Brand Y,696.9377699683998,15
344,Product A,Electronics,21,Supplier X,38.0503645092957,3.472674198665165,71,SKU003,Warehouse B,Brand Y,168.0364292057057,7
345,Product A,Clothing,30,Supplier Y,9.315345908713695,1.35029126906492,12,SKU003,Warehouse C,Brand Z,897.3187366421502,15
346,Product A,Home,90,Supplier X,35.95821908894447,2.98120661475844,93,SKU003,Warehouse A,Brand X,410.4461538073903,15
347,Product A,Electronics,20,Supplier X,33.42565907339109,4.723329663269951,64,SKU002,Warehouse C,Brand X,461.0693592016482,7
348,Product B,Home,16,Supplier Y,37.40604000554632,4.586403832219913,11,SKU003,Warehouse C,Brand X,708.701460526615,7
349,Product A,Clothing,67,Supplier Y,9.446427772434724,2.349523381932582,70,SKU002,Warehouse C,Brand X,822.6318343378025,30
350,Product C,Home,49,Supplier Z,7.879516107823431,3.125471455285355,13,SKU002,Warehouse C,Brand X,243.9793158949275,30
351,Product C,Home,58,Supplier Y,11.82419929613771,3.789534096350587,41,SKU001,Warehouse A,Brand X,664.7366384782255,7
352,Product A,Home,44,Supplier Y,18.29358515744878,2.360037067631621,98,SKU002,Warehouse B,Brand Y,398.078063450257,15
353,Product C,Home,25,Supplier Y,39.68324905179006,1.259516872375754,91,SKU003,Warehouse C,Brand Z,375.0158947639217,15
354,Product A,Home,23,Supplier Z,36.8961968739425,3.021766626871219,75,SKU002,Warehouse B,Brand X,693.1255657012482,30
355,Product A,Electronics,59,Supplier X,46.27257961392666,3.406542943293346,47,SKU002,Warehouse A,Brand X,393.311441414375,15
356,Product C,Electronics,1,Supplier Y,2.931477954930772,1.023366400486041,23,SKU001,Warehouse B,Brand Y,352.6474151627635,30
357,Product A,Electronics,97,Supplier Y,0.5778140507092799,1.382301494154123,64,SKU001,Warehouse A,Brand X,837.52952404498,15
358,Product C,Clothing,15,Supplier Z,34.95694148503996,1.829162574376609,16,SKU002,Warehouse B,Brand Y,110.2633625926963,7
359,Product B,Home,81,Supplier Z,13.96437478970828,2.392209147963737,37,SKU002,Warehouse A,Brand Z,679.1336966019086,7
360,Product A,Electronics,98,Supplier Z,16.70394477669088,3.164204891322322,27,SKU002,Warehouse A,Brand X,256.2381398527184,15
361,Product B,Clothing,81,Supplier X,27.34010129572561,2.175371675038661,32,SKU001,Warehouse B,Brand Z,25.3432594079284,30
362,Product C,Electronics,52,Supplier Z,5.120656156339925,2.104735257626015,23,SKU001,Warehouse C,Brand X,175.0966261839651,7
363,Product B,Electronics,58,Supplier X,32.13472082740248,4.477397375252327,69,SKU003,Warehouse C,Brand Z,610.5949144781091,30
364,Product B,Home,41,Supplier Y,16.25737231155751,1.580202563205705,84,SKU003,Warehouse B,Brand Z,712.035919571078,7
365,Product C,Clothing,44,Supplier Y,31.63575621504958,2.981840532689441,3,SKU003,Warehouse C,Brand X,30.84720572075684,15
366,Product B,Home,4,Supplier Y,41.70034565366929,4.811298867744544,32,SKU003,Warehouse C,Brand Z,46.06118886870295,7
367,Product B,Home,77,Supplier Z,8.555566666871483,3.500052996464183,9,SKU001,Warehouse A,Brand Y,903.5166936945236,15
368,Product C,Electronics,68,Supplier Y,46.54365464572601,3.868821919577754,35,SKU001,Warehouse B,Brand Y,82.57275993258264,30
369,Product B,Home,7,Supplier Z,26.53440705312219,2.724947965562428,76,SKU002,Warehouse C,Brand Z,895.2403370304055,7
370,Product C,Clothing,46,Supplier X,46.14638825869842,1.079728668478878,99,SKU003,Warehouse C,Brand Z,235.8842546133967,30
371,Product B,Home,9,Supplier Y,10.38650411008891,3.584521473468822,72,SKU002,Warehouse C,Brand Y,742.6176221566307,30
372,Product C,Home,87,Supplier X,30.22813323021188,3.527697125712496,30,SKU002,Warehouse B,Brand X,316.635916456552,15
373,Product C,Home,33,Supplier Z,20.19435586618023,1.441710545853332,3,SKU001,Warehouse C,Brand Y,860.164505353092,30
374,Product B,Electronics,33,Supplier Z,38.71110955780066,2.848638854498526,83,SKU002,Warehouse C,Brand Z,703.4503167701143,7
375,Product B,Clothing,84,Supplier Y,30.29544716066482,4.661315778662601,7,SKU002,Warehouse C,Brand Y,407.7953240156782,15
376,Product B,Electronics,4,Supplier Y,24.72577284791592,1.820339327887901,26,SKU001,Warehouse A,Brand X,85.53942963233875,15
377,Product A,Electronics,65,Supplier Z,45.64927032155043,2.844395018536441,35,SKU001,Warehouse B,Brand Y,735.373182032099,15
378,Product A,Electronics,34,Supplier Y,18.85585320858401,2.844412740802082,8,SKU001,Warehouse C,Brand X,620.7159084055297,30
379,Product A,Electronics,91,Supplier Y,10.99901024490907,4.243045872590553,42,SKU001,Warehouse A,Brand Z,12.88260065545085,7
380,Product C,Electronics,85,Supplier X,30.40505934260458,4.298303481317778,23,SKU003,Warehouse B,Brand Y,19.32565741272087,7
381,Product B,Clothing,88,Supplier Z,31.20142185864069,4.037077678653567,36,SKU003,Warehouse A,Brand Y,810.705043460767,7
382,Product C,Home,79,Supplier X,21.95473107859377,2.461816636753095,40,SKU003,Warehouse A,Brand X,266.8057414138353,15
383,Product A,Electronics,99,Supplier Y,24.33050218446911,1.28814770007408,93,SKU002,Warehouse B,Brand Y,639.772331050785,15
384,Product B,Electronics,64,Supplier X,47.977670714995,2.397931908896056,25,SKU003,Warehouse C,Brand Y,459.672275567595,7
385,Product C,Clothing,25,Supplier Z,36.63428456984006,3.719164805085359,3,SKU001,Warehouse C,Brand X,864.7957143765495,30
386,Product B,Clothing,55,Supplier X,5.53008757412885,3.810986297956306,0,SKU003,Warehouse A,Brand Y,917.7915019714637,15
387,Product C,Home,9,Supplier X,10.60650354353055,4.860000837906876,19,SKU001,Warehouse B,Brand X,996.8396355520655,7
388,Product B,Clothing,17,Supplier Y,48.77883172177795,2.814564925774834,91,SKU003,Warehouse B,Brand Z,162.1472944491744,30
389,Product A,Home,21,Supplier Z,36.32327768967657,3.529742331761161,44,SKU003,Warehouse C,Brand Y,864.3344060107206,15
390,Product A,Electronics,60,Supplier Y,45.75225630723266,3.156763482890127,87,SKU001,Warehouse A,Brand X,273.3611629615137,15
391,Product B,Electronics,13,Supplier Y,15.1930731994361,1.60247424045295,91,SKU001,Warehouse C,Brand X,594.9077161465526,15
392,Product C,Home,3,Supplier Z,37.09334300432962,2.844809888528544,91,SKU002,Warehouse B,Brand Y,510.7151055305188,7
393,Product A,Clothing,68,Supplier X,35.70013542617557,3.179340618755977,68,SKU002,Warehouse B,Brand X,27.80825025666378,15
394,Product A,Home,4,Supplier Y,14.73449927196875,4.802998424169035,95,SKU002,Warehouse C,Brand Z,933.4435671070338,15
395,Product A,Clothing,92,Supplier X,27.54081627253527,2.466156217635824,51,SKU003,Warehouse C,Brand Z,87.54378459772626,30
396,Product B,Electronics,7,Supplier Z,31.37075556351476,4.920396412431911,93,SKU003,Warehouse B,Brand Y,691.3367302136585,7
397,Product B,Clothing,26,Supplier Y,24.05659054137325,3.169200296096338,63,SKU001,Warehouse A,Brand Z,787.1567678461795,30
398,Product C,Home,75,Supplier X,41.35893533290064,1.96987697321223,20,SKU001,Warehouse B,Brand Y,797.3349705572074,15
399,Product C,Home,24,Supplier X,41.64345208989948,1.766657548063231,79,SKU002,Warehouse A,Brand Y,144.1395737395563,7
400,Product C,Electronics,10,Supplier Y,42.53002741507784,1.566779669040927,71,SKU001,Warehouse C,Brand X,453.0942510028924,7
401,Product B,Clothing,13,Supplier Z,40.17117845490814,2.811731482293812,75,SKU003,Warehouse C,Brand X,831.13458172964,15
402,Product B,Clothing,44,Supplier X,24.40417385985723,1.087705719155693,95,SKU001,Warehouse A,Brand X,309.6524182749671,7
403,Product C,Clothing,39,Supplier Z,19.07191490745036,2.780181133259461,24,SKU001,Warehouse B,Brand X,473.0711886209169,7
404,Product C,Electronics,19,Supplier Y,41.56881418571853,4.953618768623786,66,SKU001,Warehouse B,Brand Y,280.0659537728473,30
405,Product B,Clothing,51,Supplier X,24.51007292781334,3.680427182889066,25,SKU001,Warehouse A,Brand X,468.9159037064709,7
406,Product C,Home,19,Supplier X,12.31856993139909,4.039144484801619,99,SKU001,Warehouse A,Brand X,888.9595433669513,7
407,Product A,Clothing,76,Supplier X,25.36717661611081,1.47602156287305,80,SKU002,Warehouse A,Brand Z,460.5729887224418,30
408,Product B,Electronics,52,Supplier Z,7.092491095962106,2.892403445960363,26,SKU002,Warehouse A,Brand Y,560.3528969035772,15
409,Product C,Clothing,86,Supplier X,34.58147452993995,2.144892404102856,51,SKU003,Warehouse B,Brand Z,409.9365204700527,30
410,Product B,Clothing,47,Supplier X,16.79606408119532,4.576390111956117,62,SKU002,Warehouse C,Brand Z,465.5160113712923,15
411,Product A,Home,30,Supplier Y,13.03293992237272,1.72516988805565,85,SKU001,Warehouse B,Brand Z,25.02245705595748,15
412,Product B,Clothing,46,Supplier X,47.82543731173725,2.834933308546968,44,SKU002,Warehouse A,Brand X,290.9080548608515,15
413,Product B,Home,76,Supplier Z,38.84404978791538,3.352190873382551,57,SKU003,Warehouse B,Brand Y,442.2159045244061,30
414,Product B,Home,93,Supplier Y,39.35347513619658,3.05616436631413,37,SKU002,Warehouse A,Brand Z,637.4590062328016,15
415,Product B,Electronics,21,Supplier Y,31.18609846395917,4.320974111881629,34,SKU003,Warehouse A,Brand Z,455.5514112483532,30
416,Product A,Home,75,Supplier X,41.95864052551486,1.925812685278562,45,SKU003,Warehouse A,Brand Y,344.4388728883484,30
417,Product B,Home,48,Supplier Y,37.95812405816906,2.509564441694765,70,SKU003,Warehouse A,Brand X,394.2177479907156,15
418,Product B,Electronics,62,Supplier X,29.93868520668083,4.16833718629581,2,SKU001,Warehouse B,Brand Z,249.8703959084619,15
419,Product C,Home,58,Supplier Y,48.05622009258587,3.112285646947219,5,SKU003,Warehouse A,Brand Y,925.2493399463124,30
420,Product B,Electronics,18,Supplier Z,9.579747484221151,2.608469542591829,12,SKU002,Warehouse B,Brand X,526.5257935330054,30
421,Product C,Clothing,59,Supplier X,47.16898594973755,1.117770058979326,45,SKU002,Warehouse B,Brand X,23.27535933340188,15
422,Product A,Electronics,91,Supplier Z,20.07190809994325,4.013541696062438,78,SKU002,Warehouse C,Brand X,29.25179583535115,15
423,Product A,Home,48,Supplier X,26.41994917007433,4.888728311867041,89,SKU003,Warehouse B,Brand X,973.2320186025212,15
424,Product A,Electronics,63,Supplier Z,6.136965977215447,3.48114803795404,32,SKU003,Warehouse C,Brand X,229.2363824595126,30
425,Product A,Home,12,Supplier Z,27.00537194608955,4.426164882755178,78,SKU001,Warehouse C,Brand Y,807.5522059261715,30
426,Product C,Clothing,87,Supplier Y,30.56033759290967,3.067502972779705,61,SKU003,Warehouse C,Brand X,67.69254854496873,30
427,Product B,Electronics,34,Supplier X,49.8850770904262,1.926723861693458,62,SKU002,Warehouse B,Brand Z,921.9511093276036,15
428,Product A,Clothing,61,Supplier Y,48.75962055357633,1.057768416940582,55,SKU001,Warehouse C,Brand Y,875.6728336300116,7
429,Product B,Home,87,Supplier Z,48.31986459371436,3.613593070359957,38,SKU002,Warehouse A,Brand Z,575.3822308101695,7
430,Product C,Home,53,Supplier X,17.41940300510287,2.972435392992979,59,SKU001,Warehouse B,Brand Z,18.90867071042322,7
431,Product C,Clothing,25,Supplier Z,49.56332493725218,4.128392588350406,77,SKU003,Warehouse A,Brand X,265.2327652831042,7
432,Product C,Electronics,62,Supplier Z,22.77390757975554,3.778729669741218,82,SKU001,Warehouse B,Brand X,412.7544209244803,7
433,Product A,Electronics,4,Supplier Z,42.59181293809502,4.951809472826259,91,SKU003,Warehouse C,Brand Y,465.4634755800861,30
434,Product B,Home,94,Supplier Z,10.8159984509486,3.041250333648159,23,SKU003,Warehouse C,Brand Y,304.7019709767483,15
435,Product B,Clothing,94,Supplier Y,25.29165898283012,2.708699158692037,49,SKU002,Warehouse B,Brand Z,42.61838956307468,15
436,Product B,Clothing,13,Supplier Z,48.30060480638027,2.14695875775718,32,SKU003,Warehouse C,Brand X,594.2261318672766,15
437,Product C,Electronics,42,Supplier Y,47.35156984617138,2.907445167165098,75,SKU003,Warehouse A,Brand X,528.9131210178084,15
438,Product A,Electronics,49,Supplier Z,34.18674389107134,4.491485912491688,73,SKU003,Warehouse A,Brand Z,290.1706290747869,15
439,Product C,Electronics,78,Supplier X,39.89071612765299,1.169758903166965,6,SKU002,Warehouse C,Brand X,47.59620789391046,7
440,Product C,Clothing,56,Supplier Z,8.82133483012007,4.911600189144755,45,SKU003,Warehouse B,Brand Y,994.6482453497207,15
441,Product B,Electronics,47,Supplier Z,36.08292747420787,4.973228777231192,61,SKU002,Warehouse B,Brand Z,487.1663249581418,15
442,Product C,Electronics,8,Supplier X,30.90254041676862,3.391285514351607,0,SKU001,Warehouse A,Brand X,758.4441993563363,7
443,Product B,Home,55,Supplier X,4.577586787562304,2.326176814781606,78,SKU002,Warehouse C,Brand Z,457.7908947008222,15
444,Product A,Electronics,88,Supplier Z,5.657950329483813,1.892195873288095,64,SKU002,Warehouse C,Brand X,52.73858795431202,7
445,Product B,Electronics,18,Supplier Z,5.422180887563094,2.105961582739515,44,SKU003,Warehouse A,Brand X,316.504737634645,7
446,Product A,Clothing,35,Supplier Y,36.21784674149178,1.200421706019887,83,SKU002,Warehouse B,Brand X,326.9090395958422,30
447,Product B,Clothing,89,Supplier X,7.085760412378622,2.900443833933435,54,SKU001,Warehouse C,Brand Y,839.9693750085258,15
448,Product C,Home,81,Supplier X,23.38661355572352,1.229297083457623,65,SKU002,Warehouse B,Brand Z,657.6876782198756,15
449,Product C,Electronics,32,Supplier Y,17.84909029388789,3.873896859103701,66,SKU003,Warehouse B,Brand Y,282.6756046030781,15
450,Product A,Home,24,Supplier Z,27.52520703851089,2.487717822131416,99,SKU001,Warehouse A,Brand Y,968.0625551124951,7
451,Product A,Clothing,7,Supplier Z,35.32382436097014,1.797458926988653,79,SKU003,Warehouse B,Brand Z,328.3264140738926,30
452,Product A,Home,13,Supplier X,34.2361268610666,3.179414231344154,53,SKU003,Warehouse A,Brand Z,998.2516855704331,15
453,Product B,Clothing,91,Supplier Y,25.77599579571883,4.895037228972055,92,SKU002,Warehouse C,Brand X,996.2020562385605,7
454,Product B,Home,69,Supplier Z,23.21674368051928,3.780524196073673,99,SKU003,Warehouse B,Brand X,199.2984125692744,7
455,Product A,Home,90,Supplier X,19.89077975611294,2.966987400416641,62,SKU001,Warehouse A,Brand Z,319.6137050265162,7
456,Product C,Electronics,42,Supplier Z,43.09549741521897,4.107657197018025,53,SKU001,Warehouse A,Brand X,491.1837564998077,7
457,Product B,Home,31,Supplier Z,16.54259024363225,3.949905887595955,51,SKU001,Warehouse B,Brand X,667.459664436412,30
458,Product B,Electronics,74,Supplier Z,12.96829105837474,4.566941844231175,53,SKU001,Warehouse A,Brand Z,532.7669745137613,30
459,Product B,Electronics,26,Supplier X,37.16577468276356,1.81867579037579,66,SKU002,Warehouse C,Brand Y,969.7470544409342,7
460,Product A,Electronics,86,Supplier Y,17.98817308483632,4.435510305034928,36,SKU001,Warehouse B,Brand Z,726.7492725933346,15
461,Product A,Electronics,76,Supplier Y,42.34992998786342,2.204104348166795,11,SKU002,Warehouse C,Brand Z,219.9244008891447,30
462,Product A,Home,32,Supplier Z,16.39443593185724,4.763995711300389,58,SKU003,Warehouse A,Brand Y,114.0465747115019,15
463,Product A,Clothing,91,Supplier Y,35.09724122872941,2.124260595786941,19,SKU003,Warehouse C,Brand X,691.5172778022632,15
464,Product A,Clothing,97,Supplier Z,2.255450314266805,4.707394172650705,86,SKU002,Warehouse A,Brand Y,166.8679157789554,30
465,Product C,Clothing,52,Supplier X,19.278144005516,4.85516285785632,85,SKU003,Warehouse A,Brand Y,789.8000719323966,15
466,Product C,Home,20,Supplier X,17.16150874837757,1.581965429828057,31,SKU003,Warehouse C,Brand Z,317.9263005877336,30
467,Product A,Electronics,40,Supplier X,40.83393696379617,4.897999533051133,70,SKU001,Warehouse B,Brand X,333.6243304250505,30
468,Product B,Clothing,59,Supplier Z,48.35277016141551,1.342891873717129,85,SKU003,Warehouse B,Brand X,20.69040846561685,15
469,Product A,Home,77,Supplier Y,23.04406383464807,1.874271146450088,43,SKU003,Warehouse B,Brand Y,704.0011544240903,15
470,Product C,Electronics,14,Supplier X,41.2418138576879,2.776675123491218,65,SKU002,Warehouse C,Brand Z,122.1370555340389,7
471,Product C,Clothing,44,Supplier Z,34.98473504786826,4.97438946284684,77,SKU001,Warehouse C,Brand Y,775.151771688883,30
472,Product B,Electronics,86,Supplier Y,48.36929938318466,2.954252204661517,54,SKU003,Warehouse C,Brand X,496.9491436980347,15
473,Product C,Clothing,82,Supplier Y,40.55542571714123,3.201637772713943,15,SKU003,Warehouse C,Brand X,786.4370168050234,30
474,Product A,Clothing,48,Supplier Y,3.873903298186526,3.777699798094594,87,SKU002,Warehouse B,Brand Z,588.0872738057639,7
475,Product B,Clothing,93,Supplier Z,35.66408611911181,4.873174233091806,70,SKU003,Warehouse B,Brand Z,91.60893929880085,7
476,Product A,Electronics,43,Supplier Z,26.77498577111868,4.133405600496978,67,SKU001,Warehouse A,Brand Y,767.9958133381313,7
477,Product A,Home,16,Supplier Z,0.8218028966163582,1.896616017694794,51,SKU001,Warehouse C,Brand Z,79.10149004580225,7
478,Product B,Electronics,35,Supplier X,12.56564793627218,2.211963722657419,36,SKU001,Warehouse B,Brand Y,483.9147033636389,7
479,Product A,Clothing,53,Supplier Z,46.08776225134465,1.390512958434098,45,SKU002,Warehouse B,Brand Z,180.6257220035137,7
480,Product C,Electronics,34,Supplier X,46.30306863933765,3.577809456658959,40,SKU001,Warehouse B,Brand Y,754.8118261981061,7
481,Product A,Home,3,Supplier X,39.94252301003172,1.722961226156886,4,SKU001,Warehouse B,Brand X,912.4753155280653,7
482,Product B,Electronics,68,Supplier X,49.08898016389947,2.029619553917463,65,SKU001,Warehouse B,Brand X,558.5849017246915,30
483,Product B,Home,5,Supplier Z,40.32726123121024,4.552454620721509,4,SKU001,Warehouse B,Brand X,531.8758213561887,15
484,Product B,Home,10,Supplier X,0.5102093642622596,2.307022701328061,62,SKU001,Warehouse C,Brand X,766.3235643623617,30
485,Product A,Electronics,52,Supplier Z,14.39171701507559,3.266586873416668,2,SKU001,Warehouse A,Brand X,15.02802484596994,30
486,Product B,Clothing,29,Supplier Z,1.531209111888143,2.590264035156708,7,SKU002,Warehouse A,Brand X,918.5810562088091,15
487,Product B,Home,96,Supplier X,4.705398436877973,1.296125149623654,25,SKU001,Warehouse C,Brand Z,205.4743289202204,15
488,Product A,Electronics,31,Supplier X,10.9420408475388,2.45145531958682,73,SKU003,Warehouse B,Brand Z,984.2776949879749,7
489,Product C,Home,66,Supplier X,25.17792731627612,2.632272812143723,97,SKU002,Warehouse C,Brand Z,738.8914084808575,15
490,Product A,Clothing,76,Supplier Z,42.37660017310089,4.582804407646073,99,SKU003,Warehouse B,Brand Y,776.5086362236643,30
491,Product B,Electronics,91,Supplier Z,43.0983378078554,2.297802614585358,52,SKU003,Warehouse B,Brand Z,659.6409505698705,7
492,Product B,Electronics,69,Supplier X,30.81009292786482,2.516964479048271,75,SKU001,Warehouse B,Brand Z,476.9465509573087,30
493,Product A,Electronics,37,Supplier X,46.40879695331175,4.131587074689338,83,SKU003,Warehouse B,Brand Y,575.9114164275538,15
494,Product C,Clothing,27,Supplier Y,25.00311632951041,4.035826604846392,28,SKU003,Warehouse B,Brand Y,55.9388571549744,30
495,Product B,Home,87,Supplier X,44.45180220666008,4.193141106593963,13,SKU003,Warehouse C,Brand X,627.7199143376941,30
496,Product B,Electronics,33,Supplier Y,22.70326281660061,4.815082960304016,4,SKU001,Warehouse C,Brand Z,629.8371209671762,7
497,Product B,Home,68,Supplier Y,13.86125037109411,4.182229993579137,26,SKU001,Warehouse A,Brand Z,892.2887894277914,7
498,Product A,Home,59,Supplier Z,45.82064590502139,2.630432812871564,67,SKU001,Warehouse B,Brand Y,510.5997938559172,30
499,Product B,Clothing,64,Supplier Z,19.39675378394347,4.286034067592368,28,SKU002,Warehouse C,Brand X,86.3729303452004,15
500,Product C,Electronics,85,Supplier Y,25.17020544222308,3.034698528359753,2,SKU001,Warehouse C,Brand Z,313.1339612772604,7
501,Product B,Home,88,Supplier Y,16.44303162653386,2.110856130074261,96,SKU001,Warehouse B,Brand Y,659.0731179931743,30
502,Product B,Electronics,44,Supplier X,33.14188001453649,2.21166827252405,29,SKU003,Warehouse B,Brand Y,246.8662741239493,7
503,Product C,Electronics,95,Supplier Y,49.75156125030178,1.895369554253593,99,SKU001,Warehouse C,Brand Z,287.7225436368469,7
504,Product B,Clothing,88,Supplier X,1.275677443238482,1.579971831279014,8,SKU003,Warehouse B,Brand Y,822.2643261972449,15
505,Product A,Electronics,49,Supplier Z,44.99240030035507,1.737961647414601,0,SKU001,Warehouse C,Brand Y,588.4765344450819,30
506,Product A,Electronics,53,Supplier X,0.1963028494632701,1.252712199815277,22,SKU001,Warehouse A,Brand Z,513.4421574558368,30
507,Product A,Home,74,Supplier Z,18.21139405731055,4.553803459729545,66,SKU001,Warehouse B,Brand X,325.2674471377463,30
508,Product C,Clothing,49,Supplier Y,8.430340314475714,4.724031238596493,31,SKU001,Warehouse A,Brand Z,733.618755573703,30
509,Product B,Electronics,66,Supplier Y,37.86708903362756,3.347081569975582,87,SKU001,Warehouse A,Brand X,294.841250145129,30
510,Product A,Home,95,Supplier Y,2.530542037858674,4.36195822643474,5,SKU001,Warehouse A,Brand Y,739.6928824677335,7
511,Product C,Clothing,63,Supplier X,27.6742476792164,1.734284410612589,76,SKU001,Warehouse B,Brand Z,79.40046546476759,7
512,Product B,Clothing,25,Supplier Z,14.74630669226563,4.606695300907941,48,SKU003,Warehouse A,Brand Z,865.8959281662628,7
513,Product C,Home,4,Supplier Z,6.683512443235107,3.025446238522033,14,SKU002,Warehouse C,Brand X,504.5707987421735,7
514,Product A,Home,51,Supplier Z,38.59091060513204,1.26865997042222,57,SKU002,Warehouse C,Brand Y,444.1229365319803,15
515,Product A,Home,11,Supplier Z,10.87084171276284,1.565250977976641,52,SKU001,Warehouse B,Brand Z,614.9131774265053,15
516,Product A,Home,17,Supplier Z,11.18376060274695,2.235905843147269,29,SKU002,Warehouse B,Brand Z,627.9501521673077,30
517,Product C,Home,66,Supplier X,13.75383925689615,1.174230321419006,75,SKU003,Warehouse A,Brand Y,140.7148251210956,15
518,Product C,Electronics,70,Supplier Z,29.33833819140137,2.237173512069774,39,SKU003,Warehouse B,Brand X,758.6712539180511,7
519,Product A,Electronics,73,Supplier Y,32.98329658453741,1.239721732475567,58,SKU003,Warehouse C,Brand Z,283.1690149705623,7
520,Product C,Clothing,69,Supplier Z,0.8801261850672482,1.944110420771301,62,SKU002,Warehouse C,Brand Y,905.9122613682148,7
521,Product A,Electronics,84,Supplier Y,12.09348180568952,2.062679023425766,47,SKU002,Warehouse C,Brand Z,819.6721567806842,7
522,Product A,Electronics,29,Supplier X,21.54854212526414,4.977475905467175,98,SKU002,Warehouse B,Brand Z,352.803381119401,7
523,Product B,Electronics,85,Supplier X,16.59884760806166,1.942186695054658,91,SKU001,Warehouse C,Brand Z,809.6619002687073,30
524,Product C,Home,73,Supplier Y,44.2085329255443,1.956745795754321,67,SKU003,Warehouse B,Brand X,362.8265943069051,30
525,Product A,Clothing,92,Supplier Z,39.38543654432094,3.74715587343354,6,SKU003,Warehouse A,Brand Y,109.9382048196802,7
526,Product A,Clothing,72,Supplier X,31.29451077694138,4.437429914065808,46,SKU001,Warehouse C,Brand Z,962.2693563384508,30
527,Product C,Clothing,95,Supplier X,16.90212079985199,2.548221650408346,42,SKU002,Warehouse A,Brand Z,656.0759950632856,15
528,Product B,Clothing,20,Supplier X,35.03361724230799,4.50247207976277,15,SKU003,Warehouse C,Brand Z,461.5385313959658,15
529,Product B,Electronics,27,Supplier Z,42.18190064228972,2.360568082991028,21,SKU002,Warehouse C,Brand X,403.7956180157292,7
530,Product A,Electronics,8,Supplier Y,29.74151886794933,1.788063518460077,62,SKU001,Warehouse C,Brand Z,331.4582809156813,30
531,Product C,Home,85,Supplier Y,39.22307334466895,2.318555297310894,45,SKU002,Warehouse A,Brand Y,981.633119474838,7
532,Product B,Clothing,61,Supplier Z,37.45524806998739,3.437425495711969,44,SKU001,Warehouse C,Brand X,143.3997924795983,30
533,Product C,Electronics,28,Supplier X,28.58686555801611,2.468572637248295,40,SKU002,Warehouse A,Brand Y,321.6570083313626,7
534,Product C,Electronics,87,Supplier Z,15.60916084107555,3.691575215957155,24,SKU001,Warehouse B,Brand Z,490.6426638798369,7
535,Product A,Home,70,Supplier Z,37.28910790006359,1.94774351768993,49,SKU003,Warehouse C,Brand Z,483.2195496037683,7
536,Product B,Home,3,Supplier Y,10.33981831788032,3.803971575956595,66,SKU001,Warehouse C,Brand X,476.652819563765,15
537,Product A,Home,69,Supplier Z,38.97441732357669,2.389753452993867,51,SKU002,Warehouse A,Brand Z,184.025977672078,30
538,Product B,Electronics,73,Supplier Z,40.22733460712665,2.823473486407738,85,SKU003,Warehouse C,Brand Y,153.4832018384055,30
539,Product B,Electronics,7,Supplier X,41.10724397851865,3.230980561771584,30,SKU002,Warehouse B,Brand Y,262.2199104653339,15
540,Product B,Home,60,Supplier X,23.64579854892288,3.744900012743975,36,SKU002,Warehouse C,Brand Y,915.3808922640354,15
541,Product B,Clothing,4,Supplier Y,9.624038388521083,1.954854767394935,21,SKU001,Warehouse B,Brand Z,121.922438156165,30
542,Product B,Home,5,Supplier X,4.986180003303437,4.343782149643242,26,SKU001,Warehouse B,Brand Z,759.8508523395916,30
543,Product C,Home,11,Supplier Z,37.16806252439621,3.887370999020959,1,SKU002,Warehouse C,Brand X,759.9729092020376,7
544,Product A,Home,15,Supplier Z,44.31306922649066,1.936391676095998,21,SKU001,Warehouse C,Brand X,811.6726998582897,7
545,Product C,Home,64,Supplier Z,32.54191794184533,4.899898250411642,52,SKU002,Warehouse B,Brand Y,887.749334099462,30
546,Product B,Electronics,98,Supplier Y,7.20800301941848,3.659187964121834,16,SKU001,Warehouse B,Brand Y,270.4058157635409,30
547,Product A,Clothing,13,Supplier X,46.7448224258787,2.809707545866822,55,SKU001,Warehouse B,Brand X,232.3138745762074,7
548,Product B,Home,7,Supplier Z,49.45510072696598,1.630109302214065,83,SKU002,Warehouse C,Brand X,470.8506098622049,15
549,Product A,Clothing,6,Supplier X,21.6689304967461,3.132884009232526,87,SKU003,Warehouse A,Brand Y,272.4382770645158,30
550,Product C,Clothing,56,Supplier X,29.74126446368856,1.659103547308473,30,SKU001,Warehouse C,Brand X,736.9668890932764,30
551,Product A,Clothing,64,Supplier X,38.86142600008289,2.717966714791375,42,SKU002,Warehouse A,Brand Z,639.5801809740193,15
552,Product A,Home,50,Supplier X,36.81948950250224,2.634850090958075,71,SKU003,Warehouse A,Brand Z,876.237811172125,15
553,Product A,Electronics,30,Supplier Y,48.38935959667246,3.879758577389841,52,SKU001,Warehouse C,Brand X,91.91092045220084,15
554,Product A,Home,22,Supplier Y,5.744154553939445,1.769532724896999,4,SKU001,Warehouse A,Brand X,915.9325000244941,30
555,Product A,Clothing,25,Supplier Y,29.03624330714029,4.287485419483383,1,SKU002,Warehouse B,Brand Z,300.4151404033886,30
556,Product B,Clothing,28,Supplier Z,34.59657098365461,2.304529308064663,58,SKU001,Warehouse C,Brand Z,495.7874024677142,30
557,Product A,Electronics,84,Supplier Z,44.5049212093835,2.7759545078751,3,SKU002,Warehouse A,Brand Y,444.2253215802472,7
558,Product A,Home,39,Supplier Z,43.70548138590753,4.08936390221537,98,SKU002,Warehouse B,Brand X,762.7085345933797,15
559,Product C,Clothing,67,Supplier Y,48.8999896780645,3.501569598854059,33,SKU001,Warehouse A,Brand Z,426.1299763375241,15
560,Product A,Electronics,5,Supplier X,25.60392269688395,2.232101407207749,66,SKU003,Warehouse A,Brand X,944.1176141929153,7
561,Product C,Clothing,65,Supplier Y,41.53804334066133,2.544811698183524,83,SKU001,Warehouse B,Brand Z,903.5085438121897,7
562,Product B,Electronics,15,Supplier Z,21.36408540636639,2.223147255958441,72,SKU003,Warehouse B,Brand Z,873.4395404498115,7
563,Product A,Electronics,90,Supplier Z,21.11569389280161,3.379080669108629,5,SKU001,Warehouse C,Brand X,80.54574932174562,7
564,Product C,Home,67,Supplier X,12.66741822364295,2.330498132827359,57,SKU003,Warehouse A,Brand Y,855.7154809384001,15
565,Product C,Clothing,40,Supplier Y,40.91186435096149,3.902790779132563,46,SKU001,Warehouse C,Brand Z,783.8190909887784,7
566,Product B,Home,98,Supplier X,49.29075529067578,3.319148634334904,4,SKU003,Warehouse C,Brand X,112.4778175360697,7
567,Product A,Clothing,69,Supplier Y,12.81708641736289,1.582826446990036,60,SKU003,Warehouse A,Brand Z,116.3401821818596,15
568,Product A,Home,95,Supplier Z,2.806579401053616,2.24107447471953,55,SKU001,Warehouse A,Brand X,110.1521734023658,15
569,Product C,Clothing,77,Supplier X,40.77712187095037,1.885789767640623,34,SKU001,Warehouse C,Brand X,21.21926727244266,15
570,Product A,Home,43,Supplier X,31.01150262673781,2.561252850205941,94,SKU002,Warehouse B,Brand Z,553.1479621426378,15
571,Product C,Electronics,1,Supplier Y,47.98494002755022,3.063936344837452,12,SKU003,Warehouse C,Brand Y,973.6603485216829,30
572,Product A,Clothing,22,Supplier Y,12.61196095384761,3.027051429136439,25,SKU001,Warehouse A,Brand Z,444.2978558707956,30
573,Product C,Clothing,62,Supplier Y,3.551382900064054,4.018094706253156,85,SKU002,Warehouse B,Brand Z,545.3499268684828,30
574,Product A,Electronics,79,Supplier Z,24.62211304332508,1.756687454406837,95,SKU001,Warehouse C,Brand Y,968.290098802256,30
575,Product B,Home,26,Supplier Y,4.273301148257374,4.785891317189787,63,SKU003,Warehouse A,Brand Y,262.6304064864884,15
576,Product A,Clothing,18,Supplier Z,13.08950005513537,2.371380427528675,78,SKU001,Warehouse B,Brand X,859.8855500722804,30
577,Product A,Clothing,48,Supplier Y,6.298893040958414,2.200995387664554,10,SKU001,Warehouse B,Brand X,550.9265625396188,7
578,Product B,Home,9,Supplier Y,11.20660898300394,3.740714312720879,61,SKU002,Warehouse B,Brand Y,573.7817495163806,7
579,Product A,Electronics,1,Supplier Z,5.307232641069593,4.22206651473225,79,SKU001,Warehouse A,Brand Y,349.7421186352107,7
580,Product B,Home,9,Supplier Y,47.69529997136427,2.513887059254614,46,SKU002,Warehouse C,Brand Z,565.9685173572391,30
581,Product A,Home,23,Supplier Z,13.92813567248677,3.987387899575908,69,SKU003,Warehouse A,Brand Y,82.41108438350109,30
582,Product C,Home,45,Supplier Z,22.19487929962827,4.534943824544219,74,SKU003,Warehouse A,Brand Z,766.9971368879711,7
583,Product C,Clothing,2,Supplier Y,44.93059038171111,4.06721466082783,57,SKU001,Warehouse B,Brand Z,291.8408839288289,30
584,Product A,Electronics,14,Supplier Y,33.86607939807372,1.136785942283332,9,SKU002,Warehouse C,Brand Z,888.7322461990154,15
585,Product A,Electronics,38,Supplier X,30.90187402808872,4.309475645464753,15,SKU003,Warehouse B,Brand Y,374.1721876613839,30
586,Product A,Home,40,Supplier Y,35.27815951804186,4.09792383381747,11,SKU001,Warehouse A,Brand Y,151.3958693820138,7
587,Product C,Clothing,63,Supplier X,41.44111285526909,3.677160952612744,70,SKU001,Warehouse B,Brand Z,698.9227586248002,7
588,Product A,Home,82,Supplier Y,43.88346339258805,4.040089676351614,90,SKU001,Warehouse A,Brand Y,172.9323632663678,30
589,Product C,Clothing,16,Supplier Z,32.13198353325132,4.917701583327755,87,SKU001,Warehouse A,Brand X,756.1437103875605,30
590,Product B,Clothing,93,Supplier Z,44.50036373470289,2.724451551273399,49,SKU001,Warehouse A,Brand X,968.4311140420554,7
591,Product C,Clothing,75,Supplier X,26.76987637127384,1.268892939818391,14,SKU002,Warehouse B,Brand Z,781.7573401073091,7
592,Product C,Clothing,6,Supplier Y,13.86454281342117,2.843559878510867,58,SKU001,Warehouse C,Brand Y,32.22475594701143,30
593,Product B,Electronics,3,Supplier X,44.00383544419222,1.185734621564192,69,SKU001,Warehouse B,Brand X,603.8869301722469,30
594,Product C,Clothing,14,Supplier Y,27.07364137065436,2.177001632353845,61,SKU001,Warehouse A,Brand Z,698.4565642600271,7
595,Product A,Clothing,66,Supplier Y,45.30687937836171,3.347519167187036,82,SKU001,Warehouse B,Brand X,827.2037425383223,7
596,Product A,Home,96,Supplier Z,2.008390697529061,2.238491571704625,71,SKU001,Warehouse A,Brand Z,65.44228584961016,7
597,Product C,Home,95,Supplier X,19.87578757706178,3.741580983638154,61,SKU001,Warehouse C,Brand Z,485.3067496727635,7
598,Product A,Electronics,75,Supplier Z,47.39025091812341,4.287945310742884,99,SKU001,Warehouse C,Brand Z,540.0171639120103,7
599,Product C,Home,86,Supplier Z,12.48250463791514,2.681756717118148,49,SKU003,Warehouse A,Brand X,177.4336140177363,7
600,Product A,Clothing,67,Supplier Z,47.07681230192463,4.600551805172014,76,SKU003,Warehouse C,Brand Z,329.2253116135431,7
601,Product A,Home,31,Supplier X,47.6951230564625,1.319355725401601,53,SKU001,Warehouse A,Brand Z,445.8195089936035,30
602,Product C,Electronics,33,Supplier Y,44.10711571129305,4.360452656801799,53,SKU002,Warehouse B,Brand X,834.8775910782234,15
603,Product A,Home,88,Supplier Y,28.18340225466493,4.314292581757195,96,SKU001,Warehouse B,Brand Z,930.1134904095048,15
604,Product C,Home,1,Supplier X,32.34697245403193,2.28797558530706,95,SKU002,Warehouse C,Brand X,632.1386006284962,30
605,Product A,Electronics,44,Supplier Y,43.48084992249346,2.19486074849846,27,SKU002,Warehouse C,Brand Z,400.9957341612475,15
606,Product A,Electronics,15,Supplier X,38.79485411945922,2.220379924614051,50,SKU002,Warehouse A,Brand Y,261.4907076209961,30
607,Product B,Clothing,37,Supplier X,31.50469247277058,4.245574849377643,73,SKU002,Warehouse C,Brand Y,982.3138325917889,30
608,Product B,Home,27,Supplier Y,49.11297039353514,4.32661395044078,32,SKU002,Warehouse C,Brand X,983.1897980955948,30
609,Product C,Clothing,48,Supplier Z,34.28383181668471,2.31888983531067,0,SKU003,Warehouse C,Brand Z,925.7271787526844,30
610,Product B,Home,27,Supplier X,48.77409962238806,3.370361389777847,84,SKU001,Warehouse A,Brand X,787.812458379041,15
611,Product C,Home,12,Supplier X,2.869423730354537,1.555732917761818,68,SKU003,Warehouse B,Brand Z,332.521748308162,30
612,Product B,Clothing,67,Supplier X,6.948018537110623,2.875114953124088,0,SKU003,Warehouse A,Brand X,818.8304786626544,7
613,Product A,Home,30,Supplier X,22.57294230002453,4.995171403422153,54,SKU001,Warehouse A,Brand Y,414.7050870984609,30
614,Product C,Home,96,Supplier Y,19.24397304421576,1.635356590824987,84,SKU003,Warehouse C,Brand X,333.5053671734947,15
615,Product C,Home,87,Supplier Y,39.13674206785139,4.790250559840236,88,SKU001,Warehouse B,Brand Y,747.4167048816167,15
616,Product A,Electronics,66,Supplier X,8.030701323460187,4.297018887860031,83,SKU001,Warehouse A,Brand Y,88.85738834421866,15
617,Product C,Clothing,7,Supplier Z,48.80475895557443,4.88885860378508,44,SKU001,Warehouse C,Brand Y,58.07709606270507,15
618,Product C,Electronics,34,Supplier Y,15.7532937630457,1.718315042442132,72,SKU001,Warehouse A,Brand X,453.4741602093737,7
619,Product B,Clothing,32,Supplier Z,21.44618538700797,1.854073961773457,79,SKU002,Warehouse C,Brand X,451.1824128139403,30
620,Product C,Clothing,39,Supplier Z,13.73725162200115,1.067468726939435,91,SKU002,Warehouse B,Brand Y,896.6877115331965,7
621,Product A,Home,96,Supplier X,28.96818086632737,3.898807251662422,39,SKU003,Warehouse B,Brand X,134.8915653249386,30
622,Product B,Clothing,43,Supplier Y,2.931435021129198,3.576378773744743,60,SKU001,Warehouse C,Brand Z,132.0510881778887,30
623,Product B,Electronics,43,Supplier X,7.483875278522439,1.712261753298928,35,SKU001,Warehouse A,Brand Y,155.9780744701522,7
624,Product A,Electronics,78,Supplier X,37.28988517093621,4.164579862168288,23,SKU001,Warehouse A,Brand Z,39.43889868165658,7
625,Product A,Electronics,3,Supplier Z,9.325029170240196,2.196782024526902,79,SKU001,Warehouse B,Brand Y,81.0144204367593,15
626,Product B,Clothing,46,Supplier Z,11.77572257783314,1.539982277322541,13,SKU002,Warehouse A,Brand Z,663.2711681607486,30
627,Product C,Electronics,32,Supplier Z,39.64911178624189,2.690250660077393,97,SKU002,Warehouse C,Brand Y,437.2684858263341,30
628,Product B,Clothing,43,Supplier X,4.66505891786268,1.363879393707424,87,SKU002,Warehouse C,Brand Y,765.9670364171335,30
629,Product A,Electronics,81,Supplier X,21.87369113854205,2.052974625092987,74,SKU003,Warehouse C,Brand Y,992.6717413958436,30
630,Product B,Electronics,3,Supplier X,1.153169349861349,2.485333433709385,99,SKU001,Warehouse B,Brand X,662.4443342880113,30
631,Product A,Clothing,74,Supplier X,17.34036996589519,4.407456698056599,0,SKU002,Warehouse B,Brand Z,59.9510149139225,30
632,Product B,Electronics,63,Supplier X,34.94907013053773,4.170194965172886,46,SKU002,Warehouse B,Brand Y,113.5172361067981,15
633,Product C,Home,40,Supplier X,4.505163985861415,2.771017143002473,75,SKU001,Warehouse C,Brand X,882.1940439665608,30
634,Product B,Clothing,18,Supplier X,44.41673133893801,3.89830023100955,20,SKU002,Warehouse B,Brand Y,532.2209851126789,15
635,Product B,Clothing,67,Supplier X,45.4749521470358,3.27459854471602,72,SKU001,Warehouse C,Brand Z,826.5887878017826,30
636,Product A,Clothing,62,Supplier Y,5.249518756256755,2.363367420312272,38,SKU001,Warehouse A,Brand Y,858.0462128626768,30
637,Product A,Home,10,Supplier Y,49.53662181878883,3.903497373981139,2,SKU002,Warehouse B,Brand X,928.397796084524,7
638,Product A,Clothing,52,Supplier Y,14.87647766977445,3.733996617865512,15,SKU003,Warehouse A,Brand Y,950.330913431502,30
639,Product B,Electronics,73,Supplier Y,4.205083556580302,3.476377768774408,67,SKU001,Warehouse A,Brand Y,559.2775385382731,7
640,Product C,Electronics,46,Supplier X,0.2533557248631135,3.471822084173002,25,SKU003,Warehouse B,Brand Y,347.6099705334735,7
641,Product A,Electronics,55,Supplier X,20.42614478819313,3.731927969307907,53,SKU002,Warehouse B,Brand Y,962.2462256045186,7
642,Product A,Clothing,46,Supplier Z,31.49049928530588,2.538182050570153,12,SKU001,Warehouse A,Brand X,551.932341941213,15
643,Product B,Electronics,75,Supplier Z,16.60896249516566,4.476303260270809,60,SKU001,Warehouse A,Brand Y,73.61019572506493,7
644,Product A,Clothing,60,Supplier Y,41.83586827373114,1.649231381985843,19,SKU002,Warehouse A,Brand Z,646.3487845592664,7
645,Product C,Electronics,97,Supplier Z,35.8303137782525,4.535541852956616,82,SKU003,Warehouse C,Brand Z,591.8079028910606,7
646,Product C,Home,26,Supplier Y,17.50807659840163,2.369127372127978,26,SKU002,Warehouse A,Brand Y,896.8349441657589,30
647,Product A,Home,27,Supplier X,36.71548333043023,1.50012646243449,1,SKU002,Warehouse C,Brand X,656.6553172662343,15
648,Product A,Home,38,Supplier X,47.02438684846249,3.40010961071652,9,SKU002,Warehouse B,Brand Z,355.5619002169358,15
649,Product B,Home,22,Supplier Z,4.654799927150854,2.503946676281621,59,SKU003,Warehouse A,Brand Y,966.5634684487623,15
650,Product C,Clothing,26,Supplier X,15.30519800788084,4.261998908414077,88,SKU001,Warehouse B,Brand Y,803.6032911222132,15
651,Product C,Electronics,86,Supplier X,23.16629695583466,2.723141874115069,18,SKU001,Warehouse A,Brand X,634.1134421975408,30
652,Product A,Home,69,Supplier Y,24.89950638773843,3.674250102248439,14,SKU002,Warehouse B,Brand Y,299.9959513690916,7
653,Product B,Clothing,35,Supplier Z,27.10978224430368,2.233031958019302,46,SKU002,Warehouse A,Brand X,379.8048933511526,30
654,Product C,Home,66,Supplier X,15.03134532693243,1.83780950010136,23,SKU003,Warehouse C,Brand Z,673.2702248556901,15
655,Product C,Home,99,Supplier Z,33.36298229911745,2.552196123795295,15,SKU002,Warehouse B,Brand Y,81.2610102786885,30
656,Product B,Clothing,73,Supplier X,32.25422517649149,3.427231338409734,80,SKU003,Warehouse B,Brand X,264.1137857337608,30
657,Product B,Clothing,51,Supplier Y,28.89107531358069,3.627786956845407,59,SKU003,Warehouse A,Brand Y,716.761924062632,15
658,Product C,Electronics,18,Supplier X,5.688086085543831,3.312826661192073,79,SKU003,Warehouse C,Brand Y,485.2183247461747,7
659,Product C,Electronics,43,Supplier Z,23.84839455479722,4.952222874496435,81,SKU002,Warehouse C,Brand Z,408.3696291662858,30
660,Product B,Home,12,Supplier Z,17.81134437446878,3.764360745980661,48,SKU001,Warehouse C,Brand Y,159.9430461764103,15
661,Product C,Home,3,Supplier Y,24.55192349190613,4.726078510387671,3,SKU003,Warehouse A,Brand X,447.4305441329553,30
662,Product A,Electronics,82,Supplier X,46.0933217757513,1.471732779580698,65,SKU001,Warehouse B,Brand X,772.9850510526315,30
663,Product A,Electronics,7,Supplier Y,24.02656715792041,1.245491719253915,48,SKU003,Warehouse A,Brand X,271.3727176111741,30
664,Product B,Clothing,97,Supplier Z,0.6990395919755921,2.243978808047815,30,SKU002,Warehouse C,Brand Y,15.34455676184064,7
665,Product B,Electronics,6,Supplier Y,21.94183690420655,1.546355753505696,65,SKU003,Warehouse C,Brand Y,671.819852139473,30
666,Product B,Electronics,82,Supplier X,41.03240900246911,3.103474112913071,53,SKU003,Warehouse B,Brand Z,972.900338388227,30
667,Product A,Home,45,Supplier X,39.00304616090841,3.075925014093115,1,SKU001,Warehouse A,Brand Y,610.758297952697,7
668,Product C,Electronics,86,Supplier Y,25.66950367640905,3.300188665775801,60,SKU002,Warehouse A,Brand X,128.7226403378588,30
669,Product A,Home,39,Supplier Z,12.48845064296576,3.980911523324291,14,SKU003,Warehouse C,Brand X,327.5257614212263,30
670,Product C,Electronics,51,Supplier Z,23.25443314572725,4.88531880084928,59,SKU002,Warehouse B,Brand Z,868.9651985730211,7
671,Product A,Clothing,9,Supplier Y,28.18511097090958,4.513034765756586,42,SKU001,Warehouse B,Brand X,240.2423935142603,15
672,Product C,Electronics,99,Supplier X,49.99357191370669,1.473468958302326,92,SKU002,Warehouse C,Brand X,611.6189444626319,30
673,Product A,Electronics,23,Supplier X,32.20890450846887,2.354054755082629,97,SKU002,Warehouse A,Brand X,408.6444961714578,15
674,Product B,Electronics,12,Supplier X,34.71324650313068,2.023292100192168,39,SKU001,Warehouse A,Brand Z,215.7652842054525,15
675,Product A,Home,88,Supplier X,24.5727071784026,1.707269431119171,95,SKU003,Warehouse B,Brand Z,815.2728246290328,15
676,Product C,Clothing,62,Supplier Z,17.72447753912649,3.178899506623138,84,SKU003,Warehouse B,Brand X,745.4029637010334,7
677,Product A,Electronics,73,Supplier X,40.6476491823603,3.213057608130922,29,SKU002,Warehouse C,Brand X,664.9751552996728,7
678,Product A,Home,77,Supplier Y,24.74661621696181,1.908979311552245,62,SKU003,Warehouse B,Brand Y,243.9732243660637,30
679,Product A,Clothing,40,Supplier Y,49.73450649822625,3.847589001226742,23,SKU001,Warehouse A,Brand Y,106.8784326892855,15
680,Product B,Home,54,Supplier Y,22.8560287134022,3.931657196678021,43,SKU002,Warehouse A,Brand X,580.3977365277066,7
681,Product A,Home,81,Supplier Y,3.400014182378869,1.083919979335733,13,SKU002,Warehouse B,Brand Y,558.141055204039,7
682,Product B,Clothing,7,Supplier X,34.12890685450414,2.583030814889266,27,SKU003,Warehouse C,Brand X,196.5011592415243,15
683,Product B,Electronics,17,Supplier Z,2.332072546290553,4.560562564806484,13,SKU003,Warehouse A,Brand X,65.68422737202076,7
684,Product A,Home,50,Supplier X,12.52507984423517,3.081274432975353,55,SKU003,Warehouse A,Brand Y,89.90136965204611,15
685,Product A,Home,24,Supplier Z,17.68691263899517,2.390511205755977,33,SKU002,Warehouse C,Brand Z,992.8432766476064,7
686,Product A,Electronics,2,Supplier X,36.97417928106638,2.014704606380521,77,SKU003,Warehouse B,Brand Z,785.7480557954549,15
687,Product C,Electronics,99,Supplier Z,24.71179632038064,1.973418079673129,88,SKU002,Warehouse A,Brand Z,922.7676012055209,7
688,Product A,Clothing,92,Supplier Y,1.432296565512831,1.399072135403225,11,SKU003,Warehouse A,Brand X,203.1041750139997,7
689,Product B,Clothing,83,Supplier Y,30.84249256379611,4.268905676372368,55,SKU002,Warehouse C,Brand X,960.9628509602007,7
690,Product A,Clothing,33,Supplier Z,20.57181187133312,1.346629621576685,60,SKU002,Warehouse B,Brand Z,151.2278079584304,7
691,Product C,Electronics,21,Supplier Z,46.09172549835536,2.169179063447263,60,SKU002,Warehouse C,Brand Z,513.9910102808064,15
692,Product A,Home,74,Supplier Z,24.97811555701177,1.182702954265413,39,SKU003,Warehouse C,Brand Z,831.3987275728933,30
693,Product C,Home,53,Supplier Y,35.44875729696695,4.125546278894802,19,SKU003,Warehouse B,Brand X,356.3053209664636,30
694,Product C,Clothing,46,Supplier Y,10.94342461647734,1.157134728907162,41,SKU001,Warehouse A,Brand X,430.5802478451315,7
695,Product A,Electronics,45,Supplier X,38.04867822658266,2.233204415472834,6,SKU002,Warehouse C,Brand Y,136.9032591961069,30
696,Product B,Home,9,Supplier Z,36.04776552418362,3.293189480346656,78,SKU003,Warehouse A,Brand Y,131.692661198983,7
697,Product C,Clothing,6,Supplier Z,45.20408542706541,2.638245441173775,72,SKU001,Warehouse A,Brand Y,623.372542530873,30
698,Product A,Home,51,Supplier Z,1.691082085959961,2.129084268996402,67,SKU001,Warehouse A,Brand Z,678.7770449338561,7
699,Product A,Home,35,Supplier Y,22.37503488087256,2.100756289710167,30,SKU003,Warehouse A,Brand X,779.5591889413713,30
700,Product B,Electronics,82,Supplier Z,33.95777013698151,4.191161224024997,86,SKU002,Warehouse C,Brand Y,561.1152321549359,30
701,Product C,Electronics,53,Supplier Z,4.758195004010751,4.89591238034898,69,SKU001,Warehouse B,Brand Y,649.3016993386929,7
702,Product C,Home,19,Supplier Y,20.53020335744562,2.392164281795174,91,SKU001,Warehouse A,Brand Y,23.38209898272286,30
703,Product A,Clothing,69,Supplier Z,47.10733015330977,1.156582054436066,75,SKU002,Warehouse A,Brand Y,170.5490198658162,7
704,Product A,Electronics,25,Supplier X,21.79672454455641,1.146263111636434,46,SKU003,Warehouse A,Brand Z,985.0656183567356,30
705,Product B,Home,11,Supplier Y,49.27023917403157,4.036853660842873,50,SKU002,Warehouse B,Brand X,85.23357125267347,15
706,Product B,Electronics,74,Supplier Y,2.841953053990981,3.209479286436508,57,SKU002,Warehouse A,Brand X,682.0003400376424,15
707,Product C,Electronics,17,Supplier Y,35.89148880704457,4.134370629669322,21,SKU003,Warehouse B,Brand X,184.3218067013991,15
708,Product C,Electronics,36,Supplier X,29.05081181241347,3.789988041154299,23,SKU001,Warehouse C,Brand Y,719.5513999099655,7
709,Product A,Home,90,Supplier Y,25.02698385660627,4.630025397061586,33,SKU002,Warehouse B,Brand Z,708.9304989323736,7
710,Product C,Clothing,95,Supplier Y,48.54237007425047,4.543297164186495,62,SKU001,Warehouse A,Brand Z,241.8570691902093,7
711,Product B,Clothing,96,Supplier Y,6.482520024556432,4.153309582484709,59,SKU001,Warehouse C,Brand Z,276.9380552270121,15
712,Product B,Clothing,21,Supplier Y,44.79994758404567,2.900756640168575,18,SKU001,Warehouse B,Brand X,658.2230064660674,30
713,Product A,Electronics,18,Supplier X,34.56202055683051,2.23250563041541,23,SKU003,Warehouse A,Brand X,396.1851783924115,7
714,Product B,Home,60,Supplier Z,12.94980366498164,3.02810714977856,63,SKU001,Warehouse C,Brand Z,202.6024900029122,15
715,Product B,Electronics,18,Supplier Z,45.08345728161467,3.008286429279294,19,SKU002,Warehouse C,Brand Y,734.3628027996069,7
716,Product B,Clothing,1,Supplier Y,21.46474589305066,3.441102195557351,97,SKU002,Warehouse B,Brand X,162.6060490929708,7
717,Product B,Clothing,14,Supplier X,40.71136640365354,1.744390271131616,26,SKU002,Warehouse A,Brand X,857.0872275034972,30
718,Product A,Home,8,Supplier Y,19.44182585237,3.622479521779955,57,SKU003,Warehouse B,Brand Y,519.5228288113092,7
719,Product A,Electronics,66,Supplier Z,42.54654137166205,2.826403696823263,43,SKU002,Warehouse C,Brand Y,114.6435978405077,7
720,Product C,Clothing,51,Supplier Z,31.83145592225243,3.480819327763437,92,SKU003,Warehouse C,Brand X,697.1316101956745,30
721,Product B,Home,79,Supplier X,7.052331679186358,1.958419291678183,64,SKU001,Warehouse A,Brand Y,523.971409178795,7
722,Product C,Electronics,60,Supplier Z,32.48315817347638,2.73757957550942,45,SKU001,Warehouse C,Brand Y,305.0769960768614,7
723,Product A,Electronics,34,Supplier Y,9.56723813509363,1.840804857810081,99,SKU003,Warehouse A,Brand Y,428.3139864216163,30
724,Product A,Clothing,36,Supplier X,20.59613139470813,4.501220627027207,53,SKU003,Warehouse B,Brand Y,305.3543661516238,7
725,Product A,Clothing,62,Supplier Z,8.514779212601686,2.95184418016615,38,SKU003,Warehouse C,Brand Y,270.3955773853562,7
726,Product A,Electronics,1,Supplier Y,1.100805783355929,1.899925662295249,6,SKU001,Warehouse C,Brand Z,171.9723366352751,15
727,Product A,Electronics,85,Supplier X,10.59432697249787,1.164834782966185,53,SKU003,Warehouse A,Brand X,369.1394618061011,30
728,Product A,Clothing,42,Supplier Y,26.81860118620629,3.702954658614167,42,SKU001,Warehouse A,Brand Z,258.4773342529101,15
729,Product A,Electronics,1,Supplier Z,24.0780483888673,1.858578855959023,19,SKU001,Warehouse B,Brand Z,686.6001421833779,30
730,Product B,Clothing,96,Supplier Y,25.07485477680319,4.958328769275113,83,SKU002,Warehouse A,Brand Z,687.0379737516732,7
731,Product C,Electronics,84,Supplier X,12.38434392233007,3.134801493660686,24,SKU001,Warehouse C,Brand X,506.821840130082,15
732,Product A,Clothing,54,Supplier Y,34.25806003070931,2.155907984992128,42,SKU003,Warehouse B,Brand X,780.1650821956179,15
733,Product B,Home,47,Supplier Z,35.21316434101729,3.630709735170521,84,SKU003,Warehouse B,Brand X,842.9263218159878,15
734,Product B,Clothing,39,Supplier X,17.89839127798328,2.100879693752342,72,SKU003,Warehouse B,Brand Z,583.9687928599304,15
735,Product C,Clothing,30,Supplier X,44.05850442370872,4.281097175638986,26,SKU001,Warehouse A,Brand X,622.7458111357994,30
736,Product A,Home,7,Supplier Z,32.20116083177739,2.232944203719768,91,SKU001,Warehouse A,Brand Z,290.0570506885015,7
737,Product C,Electronics,22,Supplier Y,35.65196376293159,4.952990929583637,24,SKU002,Warehouse C,Brand Y,895.9205086984646,7
738,Product A,Home,50,Supplier Y,13.86699589694697,3.420579141781174,35,SKU002,Warehouse B,Brand X,33.96398397830453,15
739,Product B,Clothing,45,Supplier Z,0.03058175777935213,4.377644595770653,97,SKU003,Warehouse B,Brand Y,355.1164447484172,7
740,Product B,Electronics,74,Supplier X,43.26878060510548,1.291261878313689,65,SKU001,Warehouse B,Brand Z,724.5824173343575,7
741,Product B,Home,72,Supplier Z,41.12121922899043,2.393197669544753,8,SKU003,Warehouse C,Brand X,89.28861457444962,30
742,Product B,Electronics,91,Supplier X,6.159594402141511,3.949948344664599,82,SKU003,Warehouse A,Brand X,191.3378321540097,7
743,Product C,Electronics,10,Supplier X,18.70525674781532,3.620236069362331,78,SKU003,Warehouse B,Brand Y,593.3928705842227,7
744,Product A,Home,14,Supplier Y,33.06696541942913,1.776972485735031,52,SKU002,Warehouse A,Brand Z,564.3937347489224,7
745,Product A,Electronics,46,Supplier Z,32.60554286093641,2.424811722038839,20,SKU003,Warehouse A,Brand Z,741.5390131696455,7
746,Product C,Home,75,Supplier X,43.01751674042782,2.053773629950164,49,SKU002,Warehouse A,Brand X,814.4865126972901,15
747,Product A,Clothing,6,Supplier Y,7.013408081771427,3.453480679047372,15,SKU001,Warehouse A,Brand X,137.2937827265524,30
748,Product B,Electronics,21,Supplier Z,21.49698738925594,2.3782729178351,65,SKU003,Warehouse A,Brand X,28.19717987748963,30
749,Product A,Clothing,62,Supplier Z,4.861220896321239,2.236216968001399,25,SKU002,Warehouse C,Brand X,692.742134462317,30
750,Product B,Clothing,97,Supplier X,19.47976242193141,1.829511921745367,43,SKU001,Warehouse A,Brand X,308.3778778086956,7
751,Product C,Electronics,19,Supplier X,0.7553722793852191,2.636108483658593,28,SKU002,Warehouse B,Brand Z,629.724074778774,15
752,Product A,Home,88,Supplier X,44.91365325550635,1.782010360786214,96,SKU003,Warehouse B,Brand X,159.0391421816025,30
753,Product C,Electronics,82,Supplier Z,26.35219984143405,4.850278349510529,97,SKU001,Warehouse B,Brand Y,474.3496461993033,15
754,Product A,Clothing,99,Supplier X,42.49011304011768,1.618007245981214,45,SKU001,Warehouse C,Brand X,509.3804986028026,30
755,Product B,Clothing,62,Supplier Z,2.995235050168188,4.653218859835105,90,SKU001,Warehouse A,Brand X,589.2270382094839,15
756,Product C,Home,83,Supplier Y,11.37290552364603,2.713892392626328,70,SKU002,Warehouse B,Brand Z,518.0383161672587,7
757,Product A,Electronics,53,Supplier Z,12.96899976105903,2.511463966246888,48,SKU002,Warehouse B,Brand Z,500.7338625264267,7
758,Product B,Clothing,24,Supplier X,19.3345747319394,1.925279203619395,14,SKU002,Warehouse B,Brand Z,339.406812444017,30
759,Product C,Clothing,56,Supplier Z,40.14331861987731,3.543025337470076,16,SKU001,Warehouse A,Brand Y,80.46843395490536,30
760,Product C,Clothing,62,Supplier X,19.32789368657463,3.742112060043346,8,SKU003,Warehouse B,Brand Z,98.62499482887388,30
761,Product A,Home,34,Supplier Y,10.23267648231635,2.87028384900967,76,SKU003,Warehouse A,Brand X,439.4404916630821,7
762,Product A,Clothing,22,Supplier X,3.249513016938421,1.222827582773697,31,SKU001,Warehouse B,Brand Z,362.2351965427831,7
763,Product A,Clothing,68,Supplier X,3.974587417634373,4.6740406027542,65,SKU003,Warehouse B,Brand Y,520.9734566277527,30
764,Product B,Electronics,57,Supplier X,38.00236029804887,4.921316531505524,58,SKU001,Warehouse A,Brand X,311.7897875637043,30
765,Product A,Electronics,10,Supplier X,22.24014955183165,2.72417366084734,31,SKU003,Warehouse B,Brand X,691.0309905407711,7
766,Product C,Clothing,66,Supplier X,36.30905610000077,3.454643229637309,83,SKU003,Warehouse C,Brand Y,865.3152737894154,30
767,Product C,Clothing,8,Supplier X,34.11435608818488,2.801194504974987,42,SKU003,Warehouse A,Brand Z,305.874556898999,30
768,Product A,Electronics,97,Supplier Y,6.76812308801289,2.287518603544482,82,SKU002,Warehouse B,Brand Z,201.0541678596383,30
769,Product A,Home,38,Supplier Y,7.14439670961336,1.309275171431231,90,SKU002,Warehouse C,Brand Z,125.0187685115482,7
770,Product C,Home,62,Supplier Z,37.76710077170669,2.824270921589195,99,SKU001,Warehouse C,Brand Z,620.0915001651043,7
771,Product B,Home,28,Supplier X,36.06341467427086,4.273538225437806,58,SKU002,Warehouse A,Brand Y,449.4174312291637,15
772,Product A,Home,10,Supplier Z,18.90153834371552,1.068125844352014,29,SKU001,Warehouse B,Brand Y,196.1355600243261,15
773,Product A,Home,45,Supplier Y,3.871113166642004,3.328430732720889,10,SKU002,Warehouse A,Brand Z,656.6053659589369,15
774,Product C,Home,65,Supplier Y,0.60490108492261,4.523088434906755,79,SKU003,Warehouse C,Brand Y,156.9983511752316,15
775,Product A,Home,98,Supplier X,14.40784747308724,1.870197720057432,25,SKU002,Warehouse C,Brand X,558.757698789473,30
776,Product B,Home,67,Supplier X,0.4611136793613468,1.733023458756249,93,SKU002,Warehouse A,Brand Z,531.876897809012,7
777,Product C,Electronics,9,Supplier Z,11.50363105518517,4.089106502807772,1,SKU002,Warehouse A,Brand X,736.8855231742225,7
778,Product A,Home,5,Supplier Y,20.97503701056693,2.020345724477173,33,SKU001,Warehouse B,Brand X,64.5585435412601,15
779,Product C,Home,10,Supplier Z,6.070788265597709,1.767937070242594,40,SKU001,Warehouse C,Brand X,888.994202532817,30
780,Product A,Home,12,Supplier Z,5.213887891577312,2.51195700227694,85,SKU003,Warehouse A,Brand Z,705.9618088853513,7
781,Product A,Clothing,82,Supplier Z,44.82187178593683,2.570008049080872,30,SKU003,Warehouse C,Brand Z,223.9647383652746,7
782,Product A,Electronics,58,Supplier X,29.27350145114446,4.496404252066264,62,SKU003,Warehouse A,Brand Z,191.5712951236423,30
783,Product B,Electronics,21,Supplier Y,46.72278433813907,3.473773887734708,54,SKU002,Warehouse B,Brand Y,437.3436120023456,30
784,Product B,Electronics,21,Supplier Z,17.29130818928396,2.623845825358357,60,SKU003,Warehouse C,Brand Z,819.389676249151,15
785,Product C,Home,65,Supplier Y,33.85724686645815,3.137551857143067,84,SKU001,Warehouse B,Brand X,844.5204932077161,15
786,Product A,Home,3,Supplier Y,10.23458373108952,4.815860933301097,35,SKU003,Warehouse B,Brand Z,525.2515312179892,30
787,Product A,Clothing,69,Supplier Z,30.91701586399706,1.452858706439581,39,SKU003,Warehouse C,Brand Y,862.2027540598701,7
788,Product B,Electronics,89,Supplier Z,6.479286500499221,1.830862086898766,22,SKU003,Warehouse A,Brand Z,15.38927209977366,30
789,Product A,Home,64,Supplier X,0.104031958814288,4.850114826346221,25,SKU003,Warehouse B,Brand Y,44.82288521628065,30
790,Product B,Electronics,49,Supplier Y,46.57659007047895,4.829299394108816,17,SKU003,Warehouse B,Brand X,912.7033777003753,7
791,Product A,Clothing,72,Supplier Z,27.74471880876047,1.708661685059091,78,SKU001,Warehouse C,Brand X,777.5786105870569,7
792,Product C,Clothing,17,Supplier Z,46.34703313910197,1.580435268501193,33,SKU002,Warehouse C,Brand X,456.1989976678818,15
793,Product A,Clothing,73,Supplier Y,16.6915761851036,2.684340537354479,85,SKU003,Warehouse C,Brand X,756.0740301632073,30
794,Product A,Electronics,32,Supplier Z,16.38930345808784,1.198873169951876,27,SKU002,Warehouse B,Brand X,956.0830671061874,15
795,Product B,Home,70,Supplier Y,20.03275008865159,3.61961412914056,48,SKU003,Warehouse A,Brand X,774.3686286424722,30
796,Product A,Home,21,Supplier Z,35.30204919790842,1.309984086646969,63,SKU002,Warehouse A,Brand Y,843.9476204801388,30
797,Product A,Clothing,7,Supplier Y,28.29043170930871,1.232118508377123,70,SKU001,Warehouse C,Brand X,763.0005155761611,7
798,Product B,Home,7,Supplier Z,46.2677453549559,2.940747744835397,62,SKU002,Warehouse B,Brand Z,176.5289815092062,30
799,Product C,Clothing,27,Supplier Z,1.272045056621968,4.831146544440406,61,SKU003,Warehouse B,Brand Y,835.2383685492794,30
800,Product C,Electronics,8,Supplier X,35.40979689862682,2.707183744252638,41,SKU002,Warehouse B,Brand Y,203.1577318239679,7
801,Product B,Clothing,73,Supplier Y,16.51638446832771,2.425924634642204,23,SKU002,Warehouse C,Brand Z,893.6852147637055,7
802,Product B,Electronics,28,Supplier X,9.011682590923058,4.991826862009144,34,SKU003,Warehouse B,Brand Z,464.0633991002651,7
803,Product B,Clothing,79,Supplier Z,25.51978112600495,3.127875843116734,76,SKU002,Warehouse B,Brand Z,680.2069847879183,30
804,Product B,Home,66,Supplier Y,25.2531892089998,2.500965627560994,54,SKU003,Warehouse A,Brand Z,502.268439401837,7
805,Product B,Home,71,Supplier Y,6.85055143442142,2.543443253366407,48,SKU001,Warehouse C,Brand Z,103.051020122436,30
806,Product C,Clothing,47,Supplier Z,10.09480280664449,1.779837984134042,76,SKU003,Warehouse C,Brand X,297.8150845444584,15
807,Product C,Home,82,Supplier Z,20.40823324507775,3.048892229790156,94,SKU001,Warehouse C,Brand Y,983.894535457036,7
808,Product B,Home,86,Supplier Z,20.44057061961577,2.755420112672023,58,SKU002,Warehouse B,Brand Z,961.1076041531192,15
809,Product A,Home,10,Supplier Z,15.87790698098424,2.083181185389654,82,SKU003,Warehouse B,Brand Z,327.2820286789918,15
810,Product B,Electronics,33,Supplier Y,7.427257575499047,1.642160346407039,92,SKU002,Warehouse A,Brand Y,996.3338362027736,7
811,Product A,Home,7,Supplier X,0.2186839550489761,2.244955474670215,21,SKU001,Warehouse C,Brand Y,847.0956835419306,7
812,Product B,Electronics,3,Supplier Y,48.51175312140103,3.034733310750917,84,SKU001,Warehouse B,Brand X,614.8499044379322,30
813,Product B,Clothing,14,Supplier Y,47.17496148519635,1.233333089139207,60,SKU002,Warehouse A,Brand Y,49.72337405839939,7
814,Product C,Home,44,Supplier Y,24.18251895880676,1.614976114335824,79,SKU003,Warehouse B,Brand Z,902.4323612429957,15
815,Product A,Home,46,Supplier Y,49.75258766375028,4.790629067876381,29,SKU003,Warehouse B,Brand Y,561.8549864716765,15
816,Product A,Home,61,Supplier Z,33.68271653911216,3.171421404125356,68,SKU003,Warehouse C,Brand Z,869.7913896907419,15
817,Product C,Clothing,36,Supplier X,3.442876880377077,1.253797214640151,59,SKU003,Warehouse C,Brand Y,836.0848287066849,30
818,Product C,Electronics,13,Supplier Y,5.885909954131368,3.772351035078292,5,SKU001,Warehouse B,Brand Y,834.6761530490752,30
819,Product C,Electronics,16,Supplier Y,45.80554219348188,1.247211480316139,84,SKU003,Warehouse B,Brand X,701.1921221077561,7
820,Product C,Home,80,Supplier X,31.50261010748142,3.955496908185492,10,SKU002,Warehouse B,Brand Z,298.5009872892882,7
821,Product A,Clothing,5,Supplier Z,42.15918133286755,3.999850886880107,23,SKU001,Warehouse B,Brand X,342.7986551670746,7
822,Product A,Clothing,89,Supplier Y,44.91348248169221,3.604315902997011,91,SKU002,Warehouse B,Brand X,315.3845204568595,15
823,Product B,Clothing,38,Supplier Z,22.39710056411931,3.928818178477399,78,SKU002,Warehouse C,Brand Z,29.84553953723905,15
824,Product B,Clothing,50,Supplier Y,2.426297578834652,1.351863124052231,50,SKU002,Warehouse C,Brand Y,586.743220122663,15
825,Product C,Clothing,38,Supplier Y,9.414017444866102,3.90712220942107,18,SKU001,Warehouse B,Brand X,701.8453337415725,7
826,Product C,Electronics,56,Supplier X,3.328597365121755,1.546753278895532,49,SKU003,Warehouse B,Brand Y,855.3273335899515,7
827,Product C,Electronics,63,Supplier X,9.436992284925367,2.358023629087375,80,SKU002,Warehouse C,Brand Y,148.763779048903,15
828,Product B,Electronics,48,Supplier Z,20.52664632279384,4.770981014002531,2,SKU002,Warehouse B,Brand X,548.7413174870337,7
829,Product B,Home,90,Supplier Y,5.909840525749272,3.01150191063656,2,SKU003,Warehouse C,Brand X,17.92805926704503,30
830,Product B,Clothing,59,Supplier Z,8.336662390267163,4.869705728332056,91,SKU003,Warehouse C,Brand X,104.1427112336222,7
831,Product B,Home,77,Supplier X,22.29108910358396,1.35568983554695,30,SKU003,Warehouse C,Brand Y,63.66962676393313,15
832,Product B,Clothing,44,Supplier X,17.00854751942448,2.91022639825272,46,SKU003,Warehouse C,Brand Z,728.2232536753321,7
833,Product B,Electronics,90,Supplier X,23.38290620940205,1.249609281107483,7,SKU002,Warehouse A,Brand Z,90.24896823882713,30
834,Product B,Home,55,Supplier X,21.4586013879531,3.520841049597139,16,SKU001,Warehouse B,Brand X,719.2884517432021,15
835,Product C,Electronics,55,Supplier X,32.22390129899417,1.314828005474066,98,SKU003,Warehouse B,Brand Y,257.1284573664775,7
836,Product C,Clothing,1,Supplier Z,46.85947744379273,1.701471210161509,99,SKU003,Warehouse B,Brand X,878.9358310899701,7
837,Product C,Clothing,8,Supplier Z,5.393216922212124,2.035321240277122,90,SKU002,Warehouse C,Brand Y,815.018488480176,7
838,Product C,Clothing,4,Supplier X,4.963007465459746,3.994975406657933,44,SKU003,Warehouse C,Brand Z,958.2519153005237,7
839,Product B,Electronics,85,Supplier Y,42.6403055545451,1.655848475272299,96,SKU002,Warehouse C,Brand Z,884.9243953034515,30
840,Product A,Clothing,86,Supplier Y,25.31983523262296,4.386528213172271,59,SKU002,Warehouse B,Brand X,933.9961249251838,7
841,Product B,Electronics,53,Supplier Y,38.32025117842211,1.527615755323203,74,SKU002,Warehouse C,Brand X,860.1549725481747,7
842,Product A,Home,58,Supplier Y,10.77109518036407,1.140977796280625,20,SKU002,Warehouse A,Brand Z,696.4480816087068,15
843,Product C,Clothing,37,Supplier Y,41.44312865837759,2.580181675878671,69,SKU003,Warehouse B,Brand Y,178.5565606041816,30
844,Product B,Clothing,49,Supplier X,46.19233120963479,4.917766567885181,20,SKU001,Warehouse A,Brand Z,278.990443665552,15
845,Product C,Clothing,67,Supplier Z,31.77415077732441,1.441368911155109,57,SKU003,Warehouse A,Brand Y,220.5996964689704,30
846,Product B,Home,19,Supplier X,5.293951073690112,1.406873776158516,54,SKU001,Warehouse B,Brand X,607.5499297816235,7
847,Product C,Clothing,1,Supplier Y,44.76474070781694,4.004666043182496,27,SKU003,Warehouse A,Brand Z,508.5837385938653,30
848,Product A,Electronics,29,Supplier Y,39.62438636850356,2.248646775974261,80,SKU002,Warehouse A,Brand X,868.4091971868394,15
849,Product A,Electronics,87,Supplier Z,37.54388882572449,3.869126468902868,81,SKU003,Warehouse C,Brand Z,953.1461378340849,7
850,Product A,Clothing,33,Supplier X,1.836409445295778,1.800042357773453,74,SKU002,Warehouse A,Brand X,410.8112907219629,15
851,Product B,Clothing,52,Supplier Z,39.94812626284856,2.840287976792652,45,SKU003,Warehouse C,Brand Z,511.2870477480042,15
852,Product A,Home,41,Supplier Y,6.89755052341785,2.061159510995672,43,SKU002,Warehouse A,Brand Z,971.8011932360978,30
853,Product B,Home,23,Supplier Y,11.11930880984442,2.806112859516348,88,SKU001,Warehouse B,Brand X,283.4765522069121,7
854,Product A,Home,5,Supplier Z,28.85674174346288,4.076388370341215,93,SKU002,Warehouse B,Brand Z,794.4668676052255,15
855,Product A,Clothing,71,Supplier Y,13.24903864584415,4.048039761910647,24,SKU003,Warehouse B,Brand Z,232.9875033118938,15
856,Product B,Home,57,Supplier X,33.06741031559599,3.063089150694895,70,SKU002,Warehouse B,Brand Z,684.6455142710192,30
857,Product B,Home,6,Supplier Y,30.40352238495408,4.713487374884204,48,SKU001,Warehouse C,Brand Z,261.0794713621785,15
858,Product A,Electronics,49,Supplier Y,5.407479900663131,2.055136409793096,45,SKU001,Warehouse A,Brand X,884.896054943073,7
859,Product B,Home,22,Supplier X,32.80072897957532,1.961245404476932,90,SKU003,Warehouse A,Brand X,565.86316429931,7
860,Product A,Electronics,77,Supplier Y,46.1977454912465,3.455225604701735,89,SKU002,Warehouse B,Brand Z,194.0743044656407,30
861,Product B,Electronics,76,Supplier Z,8.055495259291657,3.485188136867156,62,SKU003,Warehouse C,Brand Z,232.1254839415012,15
862,Product C,Home,4,Supplier Z,29.85310104714437,1.186160158259896,76,SKU002,Warehouse C,Brand X,498.9107037510192,30
863,Product C,Electronics,72,Supplier Y,17.0932685968347,3.43111084954759,87,SKU001,Warehouse B,Brand Z,961.9860053191301,30
864,Product C,Clothing,64,Supplier X,22.9805835886802,2.497744629396057,11,SKU003,Warehouse A,Brand Y,771.9457422448179,15
865,Product C,Clothing,37,Supplier X,14.3500089539485,3.989770101282236,77,SKU001,Warehouse B,Brand X,493.4265463975867,7
866,Product C,Home,31,Supplier Z,17.70653181738476,4.232422658181092,56,SKU002,Warehouse A,Brand Z,344.3419531165949,30
867,Product A,Clothing,37,Supplier Y,1.445591163327864,3.208615278188146,72,SKU001,Warehouse B,Brand Y,553.7758084149582,7
868,Product C,Electronics,45,Supplier X,49.07758689586103,1.00682012600906,63,SKU002,Warehouse A,Brand Z,750.8772250943335,7
869,Product C,Clothing,90,Supplier X,31.23999610363741,3.545463240666568,30,SKU003,Warehouse C,Brand Z,786.089302568272,15
870,Product C,Home,8,Supplier Z,25.03527952469426,3.995525118663737,3,SKU002,Warehouse B,Brand Z,331.3627101159752,15
871,Product C,Home,40,Supplier Z,19.18576747501633,1.995933064926057,53,SKU002,Warehouse A,Brand Y,723.9476755317385,7
872,Product B,Electronics,97,Supplier X,26.96872794120138,2.858584004563155,82,SKU003,Warehouse A,Brand Y,661.2108922358243,7
873,Product A,Home,93,Supplier Z,19.0052999357902,4.862906493647153,64,SKU003,Warehouse A,Brand X,959.5211690763309,7
874,Product C,Clothing,5,Supplier X,17.99539637468366,2.192462213576414,92,SKU001,Warehouse A,Brand Z,931.7793876029347,30
875,Product C,Home,28,Supplier Y,23.19732708610066,1.892613004166963,5,SKU002,Warehouse C,Brand Z,791.4855323475413,7
876,Product C,Electronics,81,Supplier Z,13.79915168355954,1.843419161912041,64,SKU002,Warehouse A,Brand Y,726.1607419663791,30
877,Product A,Home,87,Supplier Z,9.002494998339273,3.235203337415985,88,SKU001,Warehouse C,Brand Z,281.3011738072331,15
878,Product B,Clothing,9,Supplier Y,27.83029490901468,4.799148405232026,90,SKU002,Warehouse A,Brand Z,847.505603537548,15
879,Product A,Electronics,2,Supplier X,42.13827180751505,3.434760516801419,21,SKU002,Warehouse C,Brand Z,433.2306466762325,7
880,Product B,Clothing,63,Supplier X,7.641408886294615,2.21329248095064,16,SKU003,Warehouse C,Brand Y,279.5181370809842,15
881,Product C,Electronics,96,Supplier Z,1.636717030210932,3.554279112269816,58,SKU003,Warehouse A,Brand Z,390.3191503739279,7
882,Product C,Home,51,Supplier X,12.34058725770181,3.49936919039115,28,SKU003,Warehouse C,Brand Z,837.5761351163428,30
883,Product A,Electronics,31,Supplier X,48.98603217269054,3.387700542918617,66,SKU001,Warehouse B,Brand X,157.1468834221062,7
884,Product A,Electronics,7,Supplier Y,41.43790368716697,1.637704827553208,16,SKU003,Warehouse A,Brand Z,461.5971537086243,15
885,Product B,Home,30,Supplier Y,29.79330267642983,3.538267197379977,1,SKU001,Warehouse B,Brand Y,497.4340185841948,7
886,Product B,Clothing,58,Supplier Y,46.4624457621568,2.720657810057999,31,SKU003,Warehouse C,Brand Y,46.26340062283121,15
887,Product A,Home,3,Supplier Z,22.26395584186223,1.074368234492133,21,SKU002,Warehouse C,Brand Z,203.7885692526837,30
888,Product B,Electronics,51,Supplier Y,49.1640301287587,3.159057948589981,96,SKU002,Warehouse B,Brand X,828.4750042900979,15
889,Product A,Home,56,Supplier Y,14.8151022559642,4.95706698087367,57,SKU003,Warehouse A,Brand Z,832.4597147088131,15
890,Product B,Electronics,73,Supplier X,12.01528747579695,2.398958363375934,52,SKU003,Warehouse B,Brand Z,299.4909330454055,15
891,Product A,Home,10,Supplier Y,31.90241005735055,4.862236873274632,85,SKU001,Warehouse C,Brand Z,876.148262251947,15
892,Product A,Home,61,Supplier Z,18.90769839751802,1.384822966650378,46,SKU002,Warehouse A,Brand Y,774.0651096776644,15
893,Product A,Clothing,50,Supplier Y,31.31827709881289,3.929800463469225,3,SKU003,Warehouse B,Brand Z,423.7284089574553,15
894,Product B,Electronics,47,Supplier Z,15.24977591513429,1.457319978651341,37,SKU003,Warehouse B,Brand Y,750.9222809609875,7
895,Product B,Clothing,90,Supplier X,30.89591284189955,2.094286294221097,12,SKU002,Warehouse A,Brand X,961.7212848828582,30
896,Product B,Electronics,1,Supplier X,13.78731302925182,3.283363341288497,60,SKU003,Warehouse B,Brand Z,464.3800208846953,7
897,Product A,Home,94,Supplier Y,2.548603440944497,3.371118775906996,86,SKU002,Warehouse A,Brand Y,246.0429071639488,30
898,Product B,Electronics,57,Supplier X,45.60679509615917,4.100845268936685,63,SKU003,Warehouse A,Brand Y,942.3983350496543,7
899,Product B,Clothing,38,Supplier Y,44.16026009367311,3.461245628909757,76,SKU002,Warehouse B,Brand Y,607.7068456776238,30
900,Product A,Clothing,62,Supplier X,48.5399074636336,3.374458817522243,83,SKU001,Warehouse A,Brand Z,114.212510855621,30
901,Product C,Clothing,79,Supplier Z,35.82635881107024,4.649412347956553,32,SKU003,Warehouse A,Brand X,576.9559876981226,7
902,Product A,Electronics,89,Supplier X,34.13605888676515,2.808643008836629,97,SKU003,Warehouse C,Brand Y,505.5750805538157,7
903,Product B,Clothing,70,Supplier Y,27.95015350374154,1.90106311478022,37,SKU003,Warehouse C,Brand Z,857.0330051348077,30
904,Product A,Clothing,82,Supplier Y,6.297120817626134,1.647154340094521,28,SKU001,Warehouse C,Brand Y,535.3882378658861,15
905,Product C,Clothing,65,Supplier Y,9.461765547463502,2.599978387237999,60,SKU003,Warehouse B,Brand Y,262.6801100008406,30
906,Product A,Home,62,Supplier Z,14.47348443362681,3.851011020774783,31,SKU003,Warehouse B,Brand Z,678.8876232262396,15
907,Product B,Home,56,Supplier X,44.50781812866972,1.170173939719604,10,SKU002,Warehouse B,Brand Y,547.1496980102244,30
908,Product C,Electronics,67,Supplier Y,8.648476230153756,1.516213546037624,17,SKU003,Warehouse B,Brand Y,240.7141819842037,15
909,Product B,Electronics,17,Supplier Z,46.14365872439453,1.424453840414558,44,SKU003,Warehouse A,Brand Z,577.8915793634787,7
910,Product C,Clothing,8,Supplier Z,26.13928665257086,3.341000612205835,20,SKU002,Warehouse A,Brand X,823.3202221107892,7
911,Product C,Home,60,Supplier Z,35.77848177365361,1.971458602125065,11,SKU001,Warehouse C,Brand X,38.28520854677033,15
912,Product A,Clothing,40,Supplier X,5.512224334028327,1.665037713205586,19,SKU001,Warehouse A,Brand X,634.5425282586606,15
913,Product A,Clothing,81,Supplier X,13.45167743879555,3.371082878972089,6,SKU002,Warehouse B,Brand X,356.0893438265481,15
914,Product B,Home,89,Supplier X,47.92593040907131,4.045239661809517,90,SKU001,Warehouse A,Brand Z,299.7447313018299,15
915,Product A,Home,62,Supplier Z,13.30749734648657,2.328619665810657,70,SKU001,Warehouse C,Brand Z,398.6618728575002,7
916,Product A,Home,41,Supplier X,14.82608601955731,3.312818422706385,1,SKU003,Warehouse B,Brand X,348.6024376055018,30
917,Product C,Electronics,12,Supplier Y,9.879869242053974,1.392497652797841,42,SKU003,Warehouse A,Brand Z,833.9167156413572,7
918,Product A,Electronics,93,Supplier Z,6.453683265341476,4.74076412183028,96,SKU003,Warehouse C,Brand X,282.0498326602216,30
919,Product C,Clothing,89,Supplier X,11.6628820726999,2.347584741259091,20,SKU001,Warehouse A,Brand Y,735.8214928755195,7
920,Product C,Electronics,54,Supplier Z,32.11634459753992,4.990022772694005,28,SKU003,Warehouse C,Brand Y,103.1192220263028,15
921,Product C,Home,89,Supplier Z,22.76838667517818,4.914351023399128,31,SKU001,Warehouse C,Brand Y,951.8824087595714,7
922,Product B,Home,93,Supplier X,27.68779181689493,4.115293797343246,44,SKU003,Warehouse C,Brand X,626.0934708760662,7
923,Product B,Electronics,11,Supplier Z,6.118241438301214,1.080268381627867,75,SKU001,Warehouse B,Brand Y,709.6513912741145,15
924,Product B,Clothing,60,Supplier X,40.10582235814501,3.173899681537453,76,SKU002,Warehouse A,Brand X,305.0589387735065,15
925,Product C,Clothing,68,Supplier X,39.2047350289924,1.347345681760046,58,SKU002,Warehouse A,Brand Z,417.9756030210335,7
926,Product B,Electronics,78,Supplier X,1.079495557133769,4.580552103846065,2,SKU003,Warehouse B,Brand Y,231.5406024082665,7
927,Product B,Clothing,46,Supplier Z,19.17575472551525,4.158545010589611,38,SKU001,Warehouse B,Brand Y,933.2107249442017,30
928,Product A,Clothing,38,Supplier Z,3.438530098557391,4.889361506382732,50,SKU002,Warehouse A,Brand Y,493.2234026303639,30
929,Product B,Clothing,61,Supplier X,39.60528897074791,3.433531812599182,7,SKU002,Warehouse B,Brand Z,634.14363450141,7
930,Product B,Home,17,Supplier Z,36.86348415628522,3.088691217937352,45,SKU003,Warehouse B,Brand X,736.9293102254082,30
931,Product C,Home,66,Supplier X,45.0994047146578,3.07589542377755,65,SKU003,Warehouse A,Brand Y,377.3950301885436,15
932,Product C,Electronics,72,Supplier Y,11.82019794765573,2.54579349781738,5,SKU001,Warehouse C,Brand Y,722.9006379937498,7
933,Product C,Home,36,Supplier Z,22.81479415638994,2.874760268916564,57,SKU002,Warehouse B,Brand X,679.2325648587768,7
934,Product C,Clothing,74,Supplier Z,9.224393858219887,3.541650332541401,40,SKU001,Warehouse A,Brand Y,708.6027405352071,30
935,Product C,Home,7,Supplier Y,18.56174672370597,4.731790430225109,78,SKU001,Warehouse A,Brand Y,494.3376012025668,7
936,Product C,Electronics,16,Supplier Y,26.1121625783442,3.383537353024124,53,SKU003,Warehouse A,Brand Y,389.1080084687009,7
937,Product B,Home,14,Supplier Y,2.666539491929449,4.428463769269468,75,SKU001,Warehouse B,Brand X,229.8613663268999,15
938,Product C,Clothing,80,Supplier X,35.74352053386926,4.451119645210003,40,SKU001,Warehouse C,Brand Y,826.380089272884,7
939,Product C,Clothing,25,Supplier X,27.16466801855376,3.075330703393037,47,SKU002,Warehouse C,Brand Z,612.2665460663619,30
940,Product A,Electronics,4,Supplier Y,41.44795086053367,2.389878565990486,95,SKU001,Warehouse A,Brand X,449.9086741365201,15
941,Product B,Home,29,Supplier X,13.58902505955986,3.558295493328324,69,SKU002,Warehouse B,Brand Y,944.5559476435053,30
942,Product B,Home,56,Supplier Z,45.16605526346272,2.783509367659371,26,SKU002,Warehouse B,Brand Z,57.36042438196842,7
943,Product B,Home,6,Supplier Y,49.93471265152217,1.325763469287732,46,SKU001,Warehouse C,Brand Z,851.6702257529971,30
944,Product C,Clothing,1,Supplier Z,45.96492191888373,2.511236401729735,76,SKU001,Warehouse C,Brand Z,997.6067670165127,30
945,Product C,Electronics,39,Supplier X,38.89462379165771,4.9762885521973,22,SKU002,Warehouse B,Brand Z,888.0726897740386,15
946,Product C,Home,1,Supplier Y,40.61844014368904,1.194047480105149,73,SKU001,Warehouse C,Brand Z,812.332219759469,7
947,Product A,Clothing,63,Supplier X,28.68721212722932,3.786667647603707,13,SKU002,Warehouse A,Brand Y,380.5629334722614,15
948,Product C,Clothing,57,Supplier Z,9.507693145630524,4.364754820284988,60,SKU001,Warehouse C,Brand Z,239.0010404396706,7
949,Product A,Clothing,67,Supplier X,33.85203425738587,3.594903613901515,66,SKU002,Warehouse B,Brand X,737.502015294605,15
950,Product B,Home,65,Supplier Z,35.63765010299657,3.27899292465316,75,SKU002,Warehouse A,Brand Y,311.5296126256827,7
951,Product C,Home,65,Supplier X,49.26925701339528,3.83021766791503,24,SKU003,Warehouse B,Brand Y,184.279285333421,15
952,Product A,Home,21,Supplier Z,27.06506581281609,2.717370949198623,64,SKU001,Warehouse C,Brand Z,788.6606282325554,7
953,Product A,Home,30,Supplier X,13.56845075125282,1.365446949235507,95,SKU002,Warehouse C,Brand Z,319.418215714355,15
954,Product C,Home,96,Supplier Y,34.18362608697534,4.849487017213526,23,SKU002,Warehouse A,Brand Y,915.297312192465,30
955,Product B,Home,33,Supplier Y,48.96879098332273,2.729203079936784,52,SKU001,Warehouse A,Brand X,842.226318370934,15
956,Product B,Home,48,Supplier X,8.8606954134547,3.66155694867207,72,SKU001,Warehouse A,Brand Y,849.1639262141626,30
957,Product B,Home,22,Supplier Z,16.29989592678013,3.125241747557181,49,SKU001,Warehouse A,Brand Y,773.8540287952679,15
958,Product A,Home,94,Supplier X,27.09404768863405,1.218692287910218,0,SKU003,Warehouse C,Brand Z,882.0726095369893,30
959,Product A,Clothing,54,Supplier Y,8.51073174410024,4.810986403970154,38,SKU001,Warehouse B,Brand X,807.689423256339,7
960,Product A,Home,4,Supplier Z,1.111031975996918,4.170148904457293,73,SKU003,Warehouse C,Brand Z,606.4862499389814,30
961,Product A,Electronics,87,Supplier X,16.84915612206253,1.59639157787758,43,SKU001,Warehouse C,Brand Z,302.8644913960445,7
962,Product B,Clothing,55,Supplier X,43.2685400750529,4.926595505153067,93,SKU003,Warehouse A,Brand Z,889.3271012820076,30
963,Product C,Home,44,Supplier Z,2.173419966185741,3.947605488686832,4,SKU001,Warehouse A,Brand Z,842.19758654546,7
964,Product A,Electronics,89,Supplier X,21.44645295084587,2.889286601713235,67,SKU003,Warehouse B,Brand X,478.1505289884396,30
965,Product A,Home,12,Supplier Y,38.11003864630413,3.445480226238293,71,SKU002,Warehouse B,Brand Z,48.68789914193564,15
966,Product B,Electronics,81,Supplier Y,47.65912984554426,1.42694672805839,79,SKU003,Warehouse C,Brand Z,642.1582901278944,7
967,Product C,Electronics,79,Supplier Z,49.27376995022161,3.241646040062444,64,SKU003,Warehouse B,Brand X,60.09088513981592,7
968,Product C,Electronics,74,Supplier X,21.09846903043708,1.294644288068238,78,SKU002,Warehouse A,Brand Y,927.0171622299232,30
969,Product B,Electronics,99,Supplier X,47.51921471895588,3.179421028477208,87,SKU001,Warehouse A,Brand Z,962.014944059054,15
970,Product B,Clothing,52,Supplier Y,1.770948664043187,3.210782755051142,14,SKU002,Warehouse A,Brand Y,197.5952444406082,7
971,Product C,Clothing,93,Supplier Z,37.29584689992782,4.497755140642976,49,SKU002,Warehouse C,Brand Z,679.6254842743608,7
972,Product A,Electronics,76,Supplier Z,32.13730173168064,3.900230001089176,5,SKU002,Warehouse B,Brand Z,101.3463145171351,15
973,Product C,Home,65,Supplier Z,12.47609287930761,1.99820956886048,65,SKU003,Warehouse A,Brand X,732.2217592873909,15
974,Product B,Electronics,65,Supplier Y,25.36592503398245,4.553704568751428,68,SKU002,Warehouse C,Brand X,353.8147894911478,15
975,Product A,Clothing,10,Supplier Y,6.477686888024781,3.292970659392023,38,SKU001,Warehouse C,Brand Y,684.2396106131408,7
976,Product A,Home,18,Supplier Z,43.57985754757805,3.425517914296135,97,SKU003,Warehouse C,Brand Z,379.1477441101561,30
977,Product B,Clothing,47,Supplier Z,17.8949042772824,1.675925476888713,95,SKU003,Warehouse B,Brand X,154.1118347349034,30
978,Product B,Clothing,66,Supplier X,31.30222352328583,4.431094383876456,28,SKU002,Warehouse B,Brand Z,412.0488806975323,7
979,Product B,Home,49,Supplier X,7.938814314363113,4.723860460066176,92,SKU003,Warehouse B,Brand Z,121.5467913684421,7
980,Product C,Electronics,72,Supplier Z,10.30824223156035,4.099962597979633,87,SKU001,Warehouse C,Brand Y,581.1144422271764,7
981,Product C,Electronics,22,Supplier Y,49.5978185401576,4.763009810580025,45,SKU003,Warehouse C,Brand Z,50.54201682798498,7
982,Product A,Electronics,86,Supplier Y,37.65431972206647,2.209199616489383,30,SKU002,Warehouse B,Brand X,532.0464828038611,15
983,Product B,Electronics,26,Supplier X,48.09859348870354,4.444476673451085,23,SKU002,Warehouse A,Brand Y,887.5049606245855,7
984,Product A,Home,90,Supplier Z,14.79255826060221,2.95557257145497,14,SKU002,Warehouse B,Brand X,839.4945374181691,7
985,Product A,Home,9,Supplier Y,8.22814383099102,1.65566881177434,75,SKU003,Warehouse C,Brand Y,883.9538826302318,7
986,Product A,Home,21,Supplier Y,25.15342317394155,3.675202396133605,19,SKU002,Warehouse C,Brand Y,922.8283141058362,15
987,Product A,Clothing,95,Supplier Y,24.73341411136717,3.736481082823516,3,SKU003,Warehouse C,Brand Z,113.4826089969373,15
988,Product B,Home,63,Supplier Y,8.747325687899393,2.147698055026761,57,SKU002,Warehouse C,Brand Y,137.4597308469559,15
989,Product A,Electronics,6,Supplier X,36.66097847907051,1.10997332651028,76,SKU002,Warehouse C,Brand Y,561.4367382499973,7
990,Product B,Clothing,14,Supplier Y,18.0888767219367,1.799389036342253,60,SKU002,Warehouse C,Brand Z,895.0329417401849,15
991,Product B,Electronics,33,Supplier Y,9.318261546525864,2.599110190695547,9,SKU001,Warehouse B,Brand Y,974.6059619587904,7
992,Product C,Electronics,71,Supplier Z,16.59916972716442,1.670251644239474,40,SKU001,Warehouse C,Brand Y,55.79929816659996,7
993,Product B,Home,24,Supplier Z,28.18293498175076,1.776119792958417,52,SKU002,Warehouse C,Brand X,362.2163433586535,30
994,Product C,Home,73,Supplier X,36.32354660902216,2.565562657529078,86,SKU002,Warehouse C,Brand X,220.7653121133935,15
995,Product B,Electronics,75,Supplier X,24.09454430287423,4.847146457234242,70,SKU003,Warehouse C,Brand Z,758.4061904419356,30
996,Product B,Electronics,87,Supplier X,26.27974949141867,4.056974061630593,75,SKU003,Warehouse C,Brand Y,643.7919298516616,30
997,Product B,Clothing,51,Supplier X,6.94729679713742,2.278993604906256,47,SKU001,Warehouse A,Brand Z,128.6891511690069,15
998,Product C,Home,2,Supplier Y,45.73454623541161,4.806416275674193,14,SKU003,Warehouse B,Brand Z,488.6868466913218,15
999,Product C,Clothing,15,Supplier Z,46.43620989960222,3.582587169034931,6,SKU003,Warehouse B,Brand Z,688.5861171475784,30
1000,Product A,Clothing,35,Supplier Y,34.17132952090019,2.821798578560561,71,SKU003,Warehouse A,Brand X,781.2153399847973,7
1001,Product C,Clothing,36,Supplier Y,0.8815704467012353,2.873200795820588,70,SKU003,Warehouse A,Brand Z,29.85218268616844,30
1002,Product C,Electronics,92,Supplier Y,26.8537107951663,2.642977871341567,42,SKU001,Warehouse C,Brand Y,891.5648782440509,15
1003,Product C,Clothing,39,Supplier Z,31.46094860443068,1.931968210183759,3,SKU001,Warehouse B,Brand X,573.5885691210192,7
1004,Product C,Clothing,4,Supplier X,49.7327111479055,2.546528768854823,50,SKU003,Warehouse B,Brand X,813.7900238103057,30
1005,Product A,Electronics,64,Supplier X,49.80334775973984,3.11158553617357,70,SKU003,Warehouse A,Brand X,809.8586497141406,30
1006,Product C,Home,74,Supplier Z,42.88056176627787,3.112109402920884,58,SKU001,Warehouse B,Brand Y,197.9541336682595,30
1007,Product B,Home,6,Supplier Z,3.191549601305677,4.046947608850072,40,SKU002,Warehouse B,Brand Z,119.0703990510968,15
1008,Product B,Clothing,57,Supplier X,47.66381953893649,2.43519142862941,60,SKU003,Warehouse C,Brand Z,724.0743962840884,30
1009,Product C,Electronics,30,Supplier Y,30.63306235759995,3.86719211721581,29,SKU002,Warehouse C,Brand X,164.8626496334029,15
1010,Product C,Home,99,Supplier X,40.04433852395897,3.312367355074739,17,SKU003,Warehouse C,Brand X,851.4381164906765,7
1011,Product B,Clothing,74,Supplier Z,20.35964248429268,4.847381618107338,29,SKU001,Warehouse B,Brand Z,728.9275890234841,7
1012,Product B,Clothing,96,Supplier X,15.98347356172949,2.541139704135931,6,SKU003,Warehouse B,Brand Y,843.4071107216099,30
1013,Product A,Electronics,67,Supplier X,23.1622072741904,4.604865857043161,51,SKU002,Warehouse C,Brand X,306.0225528132526,15
1014,Product B,Clothing,90,Supplier X,7.343725648441346,4.282570189193158,47,SKU001,Warehouse C,Brand X,323.4320798064633,30
1015,Product B,Home,15,Supplier Z,17.8533069376653,3.550657138357828,22,SKU003,Warehouse B,Brand Y,674.5093407828545,7
1016,Product C,Electronics,17,Supplier Z,42.88087498841393,3.618057866968469,36,SKU003,Warehouse B,Brand X,41.13149550835806,15
1017,Product B,Home,91,Supplier X,1.897524313044074,1.338599738425643,70,SKU001,Warehouse A,Brand Y,729.2317788740485,7
1018,Product A,Home,18,Supplier X,7.543902341230224,4.800898422373729,92,SKU003,Warehouse C,Brand Z,837.4252401460552,7
1019,Product B,Home,19,Supplier Y,6.255807982474276,1.427744253982976,97,SKU001,Warehouse C,Brand Z,421.011950738063,15
1020,Product C,Clothing,76,Supplier Y,20.1537771350114,3.252933234974028,52,SKU003,Warehouse C,Brand X,767.230041787584,15
1021,Product C,Clothing,88,Supplier X,49.84934504454309,2.320283201796618,44,SKU001,Warehouse B,Brand Z,182.8648078124393,15
1022,Product B,Home,69,Supplier Z,8.667896510569134,2.719407913159407,48,SKU003,Warehouse B,Brand Y,329.0377898812898,30
1023,Product C,Home,24,Supplier Y,7.274132479963008,3.440732043347268,48,SKU001,Warehouse A,Brand X,974.5619134793726,30
1024,Product A,Electronics,91,Supplier X,45.75278648880772,4.635405511529287,81,SKU001,Warehouse A,Brand Y,986.464891824525,15
1025,Product A,Electronics,48,Supplier Y,44.10252584829828,2.830268494289206,46,SKU003,Warehouse C,Brand Z,517.4790024913721,15
1026,Product B,Clothing,30,Supplier Y,1.612018499827722,4.950918221225765,24,SKU001,Warehouse A,Brand Z,934.9270935492382,30
1027,Product B,Clothing,15,Supplier Y,37.58529800896575,3.371248261405999,90,SKU003,Warehouse B,Brand Z,527.5033712762861,15
1028,Product B,Electronics,47,Supplier Z,32.77328507382148,1.642215770568698,26,SKU003,Warehouse A,Brand X,298.6722468795458,7
1029,Product C,Home,44,Supplier X,38.38704049263545,1.760037179325009,11,SKU003,Warehouse A,Brand Y,274.2302952177841,15
1030,Product A,Clothing,98,Supplier Z,24.72512273979611,3.864444142357004,22,SKU001,Warehouse B,Brand X,930.2106483144673,30
1031,Product A,Home,27,Supplier Z,49.56896092241478,1.201591176973527,16,SKU003,Warehouse C,Brand Z,180.7219250841205,15
1032,Product C,Electronics,84,Supplier Y,2.19235093554816,2.921366304888907,43,SKU001,Warehouse C,Brand Z,583.8361336198,15
1033,Product A,Clothing,64,Supplier X,11.71857932019029,1.592876439214066,70,SKU002,Warehouse A,Brand X,559.9698173820924,7
1034,Product B,Clothing,41,Supplier Y,19.82729934868075,2.73287454071138,23,SKU002,Warehouse B,Brand Y,742.225467806465,15
1035,Product B,Electronics,96,Supplier Z,22.48889707828516,3.999669688286878,70,SKU002,Warehouse B,Brand Z,504.250478449527,30
1036,Product B,Clothing,68,Supplier Z,46.06837013497594,2.835251712965737,92,SKU003,Warehouse A,Brand Y,279.5628041010528,30
1037,Product A,Electronics,5,Supplier X,28.00021820386294,1.653804435923708,59,SKU001,Warehouse C,Brand Z,177.7025346352628,7
1038,Product B,Clothing,53,Supplier Z,2.255549776019694,2.00770148142657,52,SKU003,Warehouse C,Brand X,624.6106154708328,7
1039,Product C,Electronics,8,Supplier Z,20.39314817128309,2.47015835460873,91,SKU001,Warehouse C,Brand Z,721.8008492847008,30
1040,Product C,Clothing,22,Supplier X,20.82452061845349,1.278244733945659,86,SKU002,Warehouse B,Brand X,573.8260658952123,15
1041,Product A,Home,7,Supplier Y,48.27454692188924,3.337350544324488,73,SKU002,Warehouse B,Brand X,740.9677643499828,30
1042,Product C,Home,22,Supplier X,29.95985455105541,3.430135165112201,15,SKU002,Warehouse B,Brand X,150.1059904254605,7
1043,Product C,Home,46,Supplier Z,31.78255355794694,1.24860770853027,97,SKU003,Warehouse C,Brand Z,883.6454929937041,30
1044,Product A,Clothing,30,Supplier X,35.66265156256354,2.609245284696648,24,SKU003,Warehouse A,Brand Y,586.571553324418,7
1045,Product B,Clothing,16,Supplier Y,38.50196578410616,2.6560027315389,65,SKU001,Warehouse B,Brand Y,135.5754876236712,30
1046,Product B,Home,79,Supplier Z,31.75255351012446,2.335278274210405,49,SKU001,Warehouse B,Brand Z,467.3059521636777,15
1047,Product B,Home,5,Supplier Y,11.85971755669678,3.230958961324447,68,SKU002,Warehouse A,Brand X,846.3438204872523,15
1048,Product A,Electronics,67,Supplier Y,43.70229571705821,2.383829960240447,77,SKU003,Warehouse C,Brand Y,898.5865715186285,7
1049,Product C,Electronics,23,Supplier X,36.60599002053151,2.665637117911224,94,SKU003,Warehouse B,Brand Y,272.0030099487739,15
1050,Product B,Electronics,61,Supplier Y,37.09352425484779,4.190094189766422,39,SKU001,Warehouse C,Brand Z,714.1531664633485,7
1051,Product B,Home,74,Supplier X,49.82783696173746,1.648437421720806,5,SKU001,Warehouse B,Brand X,108.9853950089389,15
1052,Product A,Home,5,Supplier X,40.1263267431658,3.476458781213684,63,SKU003,Warehouse B,Brand Y,43.21041269803624,30
1053,Product B,Home,23,Supplier Y,41.45757015775766,3.022377606763382,27,SKU003,Warehouse A,Brand Z,564.7949642817433,15
1054,Product A,Electronics,79,Supplier X,47.57027578550792,2.220286549917396,8,SKU001,Warehouse A,Brand Z,697.8793035348447,30
1055,Product C,Clothing,82,Supplier X,7.556699992444694,3.910138625961643,5,SKU003,Warehouse A,Brand X,797.828863864737,7
1056,Product A,Home,25,Supplier Y,24.88636882390339,3.204753438164592,16,SKU003,Warehouse A,Brand Z,346.8140760707813,15
1057,Product A,Clothing,8,Supplier Z,29.02835117953938,2.909446107842781,39,SKU002,Warehouse C,Brand X,16.46015632459812,15
1058,Product A,Clothing,95,Supplier X,16.46378646112288,3.6706772590848,98,SKU003,Warehouse C,Brand Y,484.7240447402403,30
1059,Product A,Clothing,21,Supplier X,41.97016719472528,4.209161231925443,75,SKU003,Warehouse C,Brand Z,25.69500991983131,7
1060,Product C,Electronics,2,Supplier Y,38.12098108228617,4.890675160134305,44,SKU003,Warehouse A,Brand Y,101.0646655640919,15
1061,Product C,Clothing,22,Supplier X,36.0441537254062,3.517401473505494,81,SKU001,Warehouse B,Brand X,333.4221323064309,7
1062,Product B,Home,72,Supplier Y,49.85747198790834,4.497759941601531,42,SKU002,Warehouse C,Brand X,442.8003290645754,7
1063,Product C,Electronics,87,Supplier Z,12.96906867041953,1.004366164091828,97,SKU001,Warehouse A,Brand X,286.6747468173521,15
1064,Product C,Home,96,Supplier Z,36.77286258377107,3.120942770903565,45,SKU002,Warehouse A,Brand Z,586.0466138396607,30
1065,Product B,Home,72,Supplier Y,27.57022374529503,1.858590195080792,62,SKU002,Warehouse A,Brand Z,64.79629132591424,7
1066,Product C,Electronics,68,Supplier Z,15.6494591246938,1.376769828332549,0,SKU003,Warehouse C,Brand Z,153.1339131371889,7
1067,Product A,Home,64,Supplier Y,8.029343536156292,3.127884068257568,58,SKU002,Warehouse B,Brand Y,698.3058167478792,15
1068,Product A,Home,94,Supplier X,44.79419185337736,3.987306024596376,62,SKU002,Warehouse C,Brand Y,150.7194450619386,7
1069,Product B,Electronics,19,Supplier Z,29.77277413539226,2.649090089897519,78,SKU003,Warehouse A,Brand Z,643.3774495547182,15
1070,Product B,Home,87,Supplier X,41.24669188203973,3.68042979737774,17,SKU003,Warehouse A,Brand Y,64.13777454583189,7
1071,Product B,Clothing,82,Supplier X,27.26724920007724,2.9588770153638,85,SKU002,Warehouse A,Brand X,413.308456327949,30
1072,Product A,Home,53,Supplier Y,10.99885403270098,2.748343463837704,81,SKU001,Warehouse C,Brand Z,185.6353754199705,30
1073,Product C,Clothing,93,Supplier Z,16.87744065501626,2.161026561743443,64,SKU002,Warehouse B,Brand X,118.5399197098346,30
1074,Product A,Home,87,Supplier Z,19.07694212367733,2.530374058004018,19,SKU001,Warehouse C,Brand X,571.3624556662153,30
1075,Product B,Electronics,97,Supplier X,48.64674062518512,2.399182523177712,55,SKU001,Warehouse A,Brand X,929.0524142855655,15
1076,Product C,Electronics,52,Supplier X,0.281663919069125,3.584748736059526,53,SKU002,Warehouse A,Brand Y,64.23917744431334,15
1077,Product C,Home,47,Supplier Y,49.28330115122535,1.464074045116558,47,SKU001,Warehouse A,Brand X,427.3387057358539,15
1078,Product A,Electronics,82,Supplier Z,49.02308175549153,1.370545474751224,99,SKU002,Warehouse C,Brand Y,710.4600833679892,15
1079,Product B,Home,54,Supplier Y,49.80753952650683,3.640051976833842,53,SKU001,Warehouse C,Brand X,468.0609533709488,15
1080,Product A,Electronics,44,Supplier Y,23.82940894598173,3.185192279515523,88,SKU001,Warehouse C,Brand Z,808.4309866441928,30
1081,Product C,Clothing,97,Supplier Y,48.19044848104998,2.72080038697063,15,SKU002,Warehouse A,Brand X,187.8488627054904,7
1082,Product A,Home,7,Supplier Z,19.77995909249137,1.609771537631614,19,SKU003,Warehouse C,Brand X,959.9982629774631,7
1083,Product A,Clothing,92,Supplier Y,1.314722033419335,2.644108447477246,46,SKU003,Warehouse B,Brand Z,391.3110014948151,30
1084,Product B,Clothing,1,Supplier Z,11.21735931858823,4.158927053280046,96,SKU002,Warehouse B,Brand Y,348.1539366148324,30
1085,Product B,Home,63,Supplier Y,47.26481224686923,4.558484943157028,6,SKU002,Warehouse B,Brand Z,875.8597365581343,15
1086,Product C,Clothing,98,Supplier X,0.688234666769999,3.810306279856881,22,SKU003,Warehouse C,Brand X,568.2283615728489,15
1087,Product A,Home,39,Supplier Y,27.29970677114875,1.239648703523523,74,SKU003,Warehouse A,Brand X,521.2798984837933,7
1088,Product A,Clothing,19,Supplier Y,3.780079444733953,3.681639106404474,32,SKU001,Warehouse A,Brand Y,729.7081403331466,7
1089,Product A,Home,31,Supplier Z,14.31982892137892,1.963942358185178,39,SKU001,Warehouse A,Brand X,584.0358958982795,15
1090,Product C,Home,77,Supplier X,4.404642535594333,2.26100497210562,4,SKU001,Warehouse A,Brand X,170.8904883095442,15
1091,Product C,Electronics,24,Supplier X,42.97643105565282,1.783492831839938,44,SKU003,Warehouse A,Brand Y,677.4556466362803,30
1092,Product B,Home,69,Supplier Z,29.55353548238529,4.103023162480818,40,SKU002,Warehouse C,Brand Y,142.1341904893072,15
1093,Product B,Home,87,Supplier Z,45.10532328591565,3.594408490549116,7,SKU001,Warehouse B,Brand Y,807.7991282807213,30
1094,Product B,Clothing,83,Supplier X,34.41765997701142,3.447340218396723,80,SKU002,Warehouse C,Brand Y,989.8392317351482,15
1095,Product A,Home,65,Supplier Z,48.55145656225498,3.671890438677104,81,SKU003,Warehouse A,Brand X,383.6137487250285,7
1096,Product A,Electronics,33,Supplier X,25.49388273802033,1.947089045615614,49,SKU001,Warehouse C,Brand Y,450.3083392199924,30
1097,Product B,Clothing,59,Supplier Y,31.93552908814373,2.778577657301446,90,SKU003,Warehouse C,Brand Y,55.96931892798418,7
1098,Product A,Clothing,33,Supplier Y,28.81544099445283,3.533014886195957,30,SKU002,Warehouse C,Brand X,23.5958562017525,30
1099,Product B,Electronics,32,Supplier X,24.21302147233064,3.546376110473202,3,SKU001,Warehouse A,Brand Y,922.2051415275644,30
1100,Product C,Clothing,59,Supplier X,42.29796827115063,4.167407451020522,65,SKU002,Warehouse A,Brand X,137.3378198348001,7
1101,Product B,Clothing,92,Supplier Y,32.22625678351801,2.148415866752442,55,SKU002,Warehouse A,Brand Y,451.3209600838756,7
1102,Product C,Clothing,41,Supplier Y,40.06561324277364,4.081344486787289,4,SKU001,Warehouse C,Brand Y,817.2010776170058,15
1103,Product A,Clothing,12,Supplier X,39.31819683012066,2.760737922467743,80,SKU001,Warehouse C,Brand Z,890.4255723290363,30
1104,Product B,Electronics,73,Supplier Z,9.552258032764765,3.680690768235739,53,SKU003,Warehouse B,Brand X,524.203708430633,15
1105,Product A,Electronics,11,Supplier Z,32.50817662588219,2.822877520261147,95,SKU001,Warehouse B,Brand Y,569.3821997261903,30
1106,Product C,Clothing,97,Supplier X,9.982400959066705,4.794440679163773,92,SKU001,Warehouse A,Brand Z,672.9871327386397,15
1107,Product C,Clothing,19,Supplier Z,29.16602391218854,1.717209058966578,79,SKU001,Warehouse B,Brand Z,961.7686454422781,7
1108,Product C,Electronics,54,Supplier Y,33.87173422231503,3.700020354329428,0,SKU001,Warehouse A,Brand X,606.6432613350601,7
1109,Product A,Electronics,57,Supplier Y,49.86175357937934,3.306140003072636,75,SKU001,Warehouse A,Brand Z,563.8805068617828,15
1110,Product A,Electronics,42,Supplier Z,1.527098907486918,1.690924163790978,82,SKU003,Warehouse C,Brand X,24.38879391333077,7
1111,Product A,Clothing,98,Supplier X,4.562119705686047,1.264025343246672,72,SKU002,Warehouse B,Brand Z,90.14020500213252,15
1112,Product A,Clothing,71,Supplier Y,3.851334818561575,4.196577555886654,60,SKU003,Warehouse A,Brand X,581.3999103577563,30
1113,Product C,Home,31,Supplier Y,19.918064313337,1.629805334585061,6,SKU002,Warehouse A,Brand Y,936.8779839291311,30
1114,Product C,Electronics,52,Supplier Y,41.07941807429069,1.746026731143104,29,SKU001,Warehouse B,Brand X,868.024434915401,7
1115,Product B,Clothing,2,Supplier Z,42.20281663935678,4.913736895956157,14,SKU003,Warehouse B,Brand Z,982.7531337622826,7
1116,Product B,Electronics,83,Supplier X,36.84897978605758,3.869043405906523,3,SKU002,Warehouse B,Brand X,532.5556971856613,7
1117,Product A,Clothing,38,Supplier Z,44.84391209149739,2.00194736640489,62,SKU002,Warehouse B,Brand Y,790.0516290533892,30
1118,Product C,Electronics,32,Supplier X,16.14299720847263,3.363795840606405,69,SKU001,Warehouse B,Brand Y,841.9963281744471,15
1119,Product C,Clothing,10,Supplier X,4.407732212614956,3.136447353610053,37,SKU001,Warehouse B,Brand Z,651.5513407575531,7
1120,Product C,Home,8,Supplier Z,2.907651399492506,4.37789307005539,46,SKU002,Warehouse B,Brand Z,345.3624051723622,15
1121,Product B,Home,90,Supplier Y,42.60663598096932,3.917282991330497,59,SKU003,Warehouse A,Brand Z,475.2786503112165,7
1122,Product B,Electronics,94,Supplier X,36.52181471768456,4.326884501972743,98,SKU002,Warehouse C,Brand Y,859.337901521132,7
1123,Product C,Clothing,75,Supplier Z,34.93076530055605,1.84602635190945,1,SKU003,Warehouse A,Brand Y,305.5624467223423,7
1124,Product C,Clothing,20,Supplier Y,16.98381692728344,3.560876817468021,68,SKU003,Warehouse A,Brand Z,924.505699953982,15
1125,Product C,Electronics,20,Supplier X,18.99525943091131,1.160963433673521,7,SKU002,Warehouse C,Brand Y,237.5082780084385,15
1126,Product B,Clothing,9,Supplier X,47.90567644496596,1.27576244911688,50,SKU003,Warehouse C,Brand Y,752.0212510052129,15
1127,Product C,Electronics,72,Supplier Y,3.190237204896751,3.854108130818389,93,SKU002,Warehouse C,Brand Z,634.2536420022809,30
1128,Product C,Clothing,15,Supplier X,38.68658684688963,1.097680410575725,18,SKU002,Warehouse B,Brand Y,752.1034467095546,30
1129,Product A,Electronics,98,Supplier Z,15.48166618541966,3.319060035602037,93,SKU001,Warehouse B,Brand Z,442.9740967082689,30
1130,Product A,Clothing,88,Supplier X,1.952730920627804,4.36162039377812,30,SKU002,Warehouse B,Brand Y,933.3146519284447,15
1131,Product B,Electronics,97,Supplier X,37.12850553712281,2.519767233672114,79,SKU002,Warehouse A,Brand X,636.1474803873626,30
1132,Product C,Clothing,63,Supplier Y,16.54559428391873,1.179361747359651,21,SKU001,Warehouse C,Brand X,295.4128465087138,7
1133,Product C,Home,91,Supplier Z,36.10737593713983,3.855389798514907,32,SKU001,Warehouse C,Brand Y,642.0705199456222,15
1134,Product A,Clothing,21,Supplier Y,35.382719155906,4.718745809856603,85,SKU003,Warehouse A,Brand Y,293.9475897349608,7
1135,Product B,Electronics,5,Supplier Z,26.73934377165575,3.868685568233071,71,SKU003,Warehouse B,Brand X,300.6960678422755,7
1136,Product A,Home,35,Supplier Y,38.86865646052744,3.313788972011101,36,SKU001,Warehouse C,Brand Z,405.6025265046592,15
1137,Product A,Clothing,85,Supplier X,29.05191620856217,1.92011531951624,11,SKU001,Warehouse A,Brand Z,853.9061133934277,7
1138,Product A,Home,68,Supplier Z,14.33184264241303,1.061502496177988,68,SKU001,Warehouse B,Brand X,505.2948956500521,15
1139,Product A,Clothing,48,Supplier Z,36.70576505322095,3.778688433916213,63,SKU002,Warehouse A,Brand Z,682.1118338079053,30
1140,Product C,Home,80,Supplier X,29.45699079388618,1.924104703377172,24,SKU002,Warehouse B,Brand Z,398.0480628717184,15
1141,Product C,Electronics,95,Supplier Y,0.6363640844960272,4.43265070872943,53,SKU002,Warehouse A,Brand X,270.9693854088126,15
1142,Product A,Clothing,90,Supplier Z,45.08220888851547,2.865456475330445,28,SKU001,Warehouse B,Brand X,955.0937591090691,7
1143,Product B,Clothing,62,Supplier X,27.28218091621567,3.122542329489825,12,SKU003,Warehouse A,Brand Y,607.545434651832,7
1144,Product B,Electronics,35,Supplier X,43.43136327397659,4.015746177065466,25,SKU003,Warehouse A,Brand X,934.6118251968911,7
1145,Product B,Home,70,Supplier Z,44.13684194911223,4.117722431213373,21,SKU002,Warehouse A,Brand X,211.3788721763319,7
1146,Product B,Electronics,97,Supplier Z,22.24833283675443,3.570603332322273,92,SKU002,Warehouse A,Brand Z,155.4252222738034,7
1147,Product A,Electronics,21,Supplier Z,25.38299982256155,4.753727261650972,75,SKU001,Warehouse C,Brand Z,857.2646780526646,7
1148,Product C,Home,80,Supplier X,20.7877193837801,4.929193745281678,91,SKU001,Warehouse C,Brand Y,684.1080404910789,7
1149,Product B,Electronics,39,Supplier Y,22.47183876540227,4.787541777498467,72,SKU003,Warehouse C,Brand Z,194.7127142611049,7
1150,Product A,Clothing,34,Supplier Y,44.75735794858639,4.296716741375774,9,SKU003,Warehouse C,Brand Z,276.6661036569024,7
1151,Product B,Clothing,15,Supplier Z,39.40720069839555,3.822500880977006,47,SKU001,Warehouse A,Brand Z,802.657302110058,15
1152,Product B,Clothing,6,Supplier X,6.326283815778899,3.65330343152667,41,SKU003,Warehouse C,Brand X,459.3299337959767,7
1153,Product A,Electronics,66,Supplier X,30.51538907700479,1.415000707682136,89,SKU003,Warehouse C,Brand Z,673.83510144103,7
1154,Product C,Clothing,88,Supplier Z,49.79533201931712,2.08593738727645,99,SKU002,Warehouse A,Brand X,325.1685019146508,15
1155,Product C,Clothing,56,Supplier X,29.77753506162429,1.022752894117508,58,SKU001,Warehouse C,Brand Z,387.4176532471279,30
1156,Product A,Clothing,49,Supplier X,39.29358127965528,1.549639480935967,52,SKU001,Warehouse C,Brand X,990.805433036874,30
1157,Product C,Clothing,92,Supplier X,38.45307366905855,2.756917908676753,39,SKU001,Warehouse B,Brand Z,255.1409163029713,15
1158,Product A,Clothing,1,Supplier Z,17.51587629361643,1.586146203156293,74,SKU002,Warehouse C,Brand Y,511.3918132661489,30
1159,Product A,Clothing,65,Supplier Z,18.59246513519794,4.606653658707032,61,SKU001,Warehouse B,Brand Y,845.9583197586269,7
1160,Product A,Electronics,28,Supplier Z,36.20382108952016,4.222796741341128,5,SKU003,Warehouse C,Brand Y,246.8309815291994,7
1161,Product C,Clothing,20,Supplier Y,24.99917658024176,1.286447648358073,3,SKU002,Warehouse A,Brand Z,421.0616191174874,7
1162,Product A,Clothing,48,Supplier Y,28.5285354565194,1.995654861869064,90,SKU002,Warehouse C,Brand Y,618.9403744962884,30
1163,Product B,Home,72,Supplier Z,35.64528951824188,4.276287538446035,54,SKU001,Warehouse A,Brand X,486.3762699603515,15
1164,Product C,Electronics,65,Supplier X,38.87875135195251,4.212184506239494,87,SKU003,Warehouse C,Brand Y,464.9072439046143,7
1165,Product C,Electronics,90,Supplier X,13.57582888665357,4.781802200471155,68,SKU001,Warehouse C,Brand Y,368.8846340089024,15
1166,Product C,Electronics,51,Supplier Z,7.339687971848146,4.990191046469441,2,SKU003,Warehouse A,Brand Y,590.7798644971758,15
1167,Product C,Electronics,43,Supplier X,14.58973233618626,4.905080252964487,6,SKU001,Warehouse A,Brand Y,628.1289709443741,7
1168,Product B,Clothing,49,Supplier X,25.37691625460378,2.640551942885766,87,SKU003,Warehouse A,Brand X,656.756645492349,15
1169,Product C,Clothing,25,Supplier Y,17.10706586485195,2.001313775208129,85,SKU003,Warehouse A,Brand Y,79.66442682696902,15
1170,Product C,Home,74,Supplier X,28.41813794237969,4.03364076170825,11,SKU003,Warehouse B,Brand Z,634.7238339549284,7
1171,Product A,Home,76,Supplier X,2.673286206281422,2.197091570976123,98,SKU002,Warehouse B,Brand Y,953.7048069934204,15
1172,Product C,Electronics,41,Supplier Z,25.48752058068836,4.225601440525319,16,SKU001,Warehouse A,Brand Z,545.5763731728028,30
1173,Product B,Home,71,Supplier Y,18.39924534688539,3.135818921591698,66,SKU001,Warehouse B,Brand Z,718.1144116841518,7
1174,Product B,Home,64,Supplier Y,26.73333774464412,4.175709100939816,74,SKU001,Warehouse C,Brand Y,561.1649846816256,7
1175,Product B,Electronics,61,Supplier X,21.12666774424884,2.103519518868042,69,SKU002,Warehouse C,Brand Y,856.1932124060589,7
1176,Product B,Electronics,12,Supplier Z,14.21129253187712,3.032109262215283,35,SKU003,Warehouse C,Brand Z,930.2872636515932,7
1177,Product C,Home,81,Supplier Y,45.20539527288179,3.256095174408728,16,SKU002,Warehouse B,Brand X,192.3777003033957,7
1178,Product C,Clothing,69,Supplier Y,9.238249421067845,4.772432270880529,85,SKU002,Warehouse B,Brand X,442.4914361915553,7
1179,Product B,Home,14,Supplier X,34.06827877902798,2.066390307321669,0,SKU003,Warehouse C,Brand Y,398.4582799233941,7
1180,Product B,Home,34,Supplier Y,46.2322356291207,4.746752957139579,66,SKU001,Warehouse A,Brand X,411.1629720662859,30
1181,Product C,Clothing,48,Supplier Z,26.93349798427165,4.219435661862864,79,SKU002,Warehouse C,Brand X,134.2689394155971,15
1182,Product B,Clothing,61,Supplier Z,43.8204244289741,3.923576216346781,98,SKU003,Warehouse B,Brand Y,815.4795687209121,30
1183,Product A,Electronics,81,Supplier Y,6.242573921664219,4.147481076740501,77,SKU003,Warehouse C,Brand Z,45.40858058478589,15
1184,Product B,Electronics,35,Supplier Z,24.68943851282041,3.421700183520228,48,SKU001,Warehouse C,Brand Z,532.9443416498854,7
1185,Product B,Home,65,Supplier Z,22.85126402404697,1.976320041849943,50,SKU003,Warehouse B,Brand X,665.2596041642444,30
1186,Product A,Clothing,59,Supplier X,0.4059403518497429,1.757979875359411,70,SKU003,Warehouse B,Brand Z,215.3947436782884,7
1187,Product A,Electronics,36,Supplier Y,22.16286706796672,4.465365743401562,89,SKU003,Warehouse B,Brand Y,906.7916901778076,15
1188,Product C,Home,79,Supplier Y,18.45148781912989,3.900557610383333,42,SKU001,Warehouse B,Brand X,840.1637149545452,30
1189,Product C,Clothing,19,Supplier X,33.48993638873077,1.852817131043796,30,SKU001,Warehouse C,Brand Z,476.372892189086,30
1190,Product A,Home,42,Supplier X,46.91648892882593,3.460373463497606,23,SKU003,Warehouse B,Brand X,417.0374430167373,15
1191,Product A,Electronics,69,Supplier X,4.289554413101826,2.790185925656895,82,SKU003,Warehouse A,Brand Z,244.202245958989,15
1192,Product C,Electronics,19,Supplier X,16.37381933573116,1.634620679852376,36,SKU001,Warehouse B,Brand X,732.693292398514,30
1193,Product B,Clothing,39,Supplier Z,22.20323686971259,3.127428437428657,64,SKU001,Warehouse B,Brand Z,140.4263616356445,30
1194,Product A,Home,69,Supplier Z,22.75926890171916,2.126076369865669,88,SKU001,Warehouse C,Brand Z,683.4353763053452,30
1195,Product C,Clothing,52,Supplier X,38.74048604211269,1.384976496630286,62,SKU002,Warehouse A,Brand Y,844.0324162572294,15
1196,Product B,Electronics,12,Supplier Y,22.16978329167204,2.867833194181643,55,SKU001,Warehouse A,Brand Y,236.1868601578535,7
1197,Product A,Electronics,83,Supplier Y,1.358065072682668,3.360434208374247,73,SKU003,Warehouse A,Brand Y,867.7631288697686,30
1198,Product B,Home,47,Supplier Y,35.50520472964156,1.187625641524602,17,SKU001,Warehouse B,Brand X,42.98996744511337,15
1199,Product C,Home,76,Supplier X,44.24148475728359,2.608370997643987,64,SKU003,Warehouse C,Brand X,913.6595115326601,30
1200,Product A,Home,36,Supplier Z,25.69523562748364,2.030647679346741,28,SKU003,Warehouse C,Brand X,127.178605572785,15
1201,Product B,Clothing,63,Supplier Z,29.05542608492527,1.12260236282893,76,SKU003,Warehouse B,Brand Z,649.3015861586523,30
1202,Product A,Home,76,Supplier Z,8.146821948452304,1.502650198446023,3,SKU001,Warehouse A,Brand Z,257.5816442248024,15
1203,Product B,Home,82,Supplier Z,11.03229723394785,1.55613663527351,11,SKU001,Warehouse A,Brand Z,838.1868672579176,15
1204,Product C,Electronics,51,Supplier Y,11.75851195623059,1.731496992471885,55,SKU001,Warehouse C,Brand X,517.1773573063118,30
1205,Product C,Electronics,43,Supplier Y,21.53709874406476,4.213510285751685,47,SKU001,Warehouse B,Brand Y,143.8887793340363,15
1206,Product A,Home,34,Supplier Z,46.4072610447821,2.757967465912557,18,SKU001,Warehouse A,Brand X,575.2816556127186,15
1207,Product B,Home,97,Supplier X,26.0892383357443,1.588343969081548,25,SKU002,Warehouse B,Brand X,413.8037840950133,15
1208,Product A,Electronics,49,Supplier Z,9.604882260067631,1.401187867711557,37,SKU001,Warehouse C,Brand Y,664.8333384469702,15
1209,Product A,Home,18,Supplier Z,13.30438679344748,2.191761834916156,79,SKU002,Warehouse B,Brand Y,883.0842519158249,15
1210,Product B,Clothing,61,Supplier X,19.20075148635921,4.192062074817809,24,SKU003,Warehouse B,Brand X,415.2952398715843,15
1211,Product B,Clothing,57,Supplier Z,31.16294878463997,2.457839391758574,55,SKU003,Warehouse B,Brand Z,296.9818727385211,15
1212,Product B,Clothing,93,Supplier Y,22.00165765020027,1.639589441175752,73,SKU003,Warehouse B,Brand Z,24.36994358233271,15
1213,Product C,Home,5,Supplier X,19.62224220884625,2.61646472618464,27,SKU003,Warehouse A,Brand Y,579.0906474812762,30
1214,Product A,Electronics,89,Supplier X,28.23643001994974,3.22124622914823,60,SKU002,Warehouse C,Brand X,408.2520197571192,15
1215,Product A,Home,24,Supplier Z,12.09174974772327,1.118336734552055,91,SKU002,Warehouse A,Brand Z,380.9027268246804,7
1216,Product C,Home,93,Supplier Y,3.945163629229109,3.510567205760692,88,SKU003,Warehouse A,Brand Z,191.1059680713704,30
1217,Product B,Electronics,64,Supplier Y,1.220715741111106,2.580403012059157,88,SKU001,Warehouse A,Brand Y,435.7547917393616,30
1218,Product C,Electronics,59,Supplier Y,12.56295817335635,1.038903500524778,50,SKU003,Warehouse A,Brand X,984.5975340475346,7
1219,Product C,Electronics,38,Supplier Z,4.579601707223436,3.695557595785524,11,SKU003,Warehouse C,Brand Y,304.7766121355219,15
1220,Product C,Clothing,33,Supplier Z,16.81703192603834,3.849550542250593,7,SKU002,Warehouse C,Brand X,603.7073692740192,7
1221,Product A,Home,10,Supplier Y,38.64667701798778,3.515359154234731,99,SKU003,Warehouse A,Brand X,778.7220125025101,7
1222,Product C,Electronics,37,Supplier Z,35.81471652434192,2.367720870393689,57,SKU002,Warehouse B,Brand X,751.6662449447664,7
1223,Product A,Home,97,Supplier Y,30.54638113940144,3.118419416263845,87,SKU002,Warehouse B,Brand X,335.4865446176648,30
1224,Product A,Clothing,87,Supplier Z,42.62501219397394,2.548630824533741,22,SKU003,Warehouse B,Brand X,614.7514826816819,15
1225,Product A,Clothing,11,Supplier X,14.10338122721383,3.802486920638778,36,SKU001,Warehouse B,Brand X,872.5520384174556,30
1226,Product B,Electronics,24,Supplier X,44.25268765149828,3.334320744934755,10,SKU002,Warehouse B,Brand Z,25.29295345574717,15
1227,Product A,Electronics,88,Supplier Z,19.96195848345896,1.327196455309799,16,SKU002,Warehouse C,Brand Z,441.3770132748746,7
1228,Product A,Home,71,Supplier Z,20.04466591333133,3.57237423287599,91,SKU002,Warehouse B,Brand Z,232.0306840594862,30
1229,Product B,Electronics,21,Supplier Y,20.26758068127608,3.748953657351206,55,SKU003,Warehouse C,Brand Z,394.7459674948506,15
1230,Product A,Home,20,Supplier X,4.904718312049072,2.482808722458798,52,SKU003,Warehouse B,Brand X,421.8297118954893,15
1231,Product C,Electronics,10,Supplier Y,48.77452491655279,4.503143123838818,66,SKU002,Warehouse B,Brand Z,749.2042551387706,7
1232,Product C,Home,89,Supplier Z,6.92533889125796,4.372057419379851,1,SKU001,Warehouse A,Brand X,102.8836536714887,30
1233,Product A,Home,47,Supplier Y,17.04428622345923,1.700666095598951,28,SKU003,Warehouse A,Brand Y,517.4580641011853,30
1234,Product B,Home,47,Supplier Y,15.96501601633786,4.617065233943475,56,SKU001,Warehouse A,Brand Y,568.5528438807579,30
1235,Product C,Home,15,Supplier Z,3.733971640835482,2.76348948598031,33,SKU001,Warehouse C,Brand Z,499.2160275162863,30
1236,Product B,Clothing,44,Supplier X,7.613006505593834,3.894998610537173,77,SKU003,Warehouse C,Brand X,734.5545205320929,30
1237,Product B,Home,62,Supplier Y,2.242916809269291,4.256388027868944,96,SKU002,Warehouse A,Brand Z,389.9533433477789,30
1238,Product C,Electronics,6,Supplier Z,14.62022467802567,3.02044968427876,81,SKU001,Warehouse A,Brand X,945.5173930036754,30
1239,Product B,Clothing,66,Supplier Y,43.33284620144532,2.596407757483263,92,SKU002,Warehouse B,Brand Z,486.985408113552,7
1240,Product C,Clothing,76,Supplier Z,16.97211028686922,4.661805474460394,1,SKU001,Warehouse C,Brand Y,575.5017705186496,15
1241,Product B,Home,4,Supplier Z,6.184591603368961,1.923414211741693,74,SKU002,Warehouse B,Brand Y,827.2755151132819,7
1242,Product C,Clothing,23,Supplier Z,32.2846934191959,2.027880310876578,30,SKU003,Warehouse B,Brand Z,282.4837448718113,15
1243,Product A,Home,13,Supplier X,49.83004560274553,2.446481256053748,76,SKU001,Warehouse A,Brand Z,84.45000847517444,15
1244,Product C,Electronics,81,Supplier X,11.61618947659638,4.437863111882262,43,SKU001,Warehouse B,Brand X,710.7061385788577,15
1245,Product C,Home,31,Supplier Z,13.97855026852847,4.755153056852304,89,SKU001,Warehouse B,Brand Y,488.1817369928949,30
1246,Product C,Clothing,16,Supplier X,48.59235271403943,1.880270859019447,55,SKU002,Warehouse A,Brand Z,897.5392084494048,30
1247,Product C,Electronics,41,Supplier Y,8.938814377524357,4.455480590524981,97,SKU001,Warehouse A,Brand X,982.8532482352098,15
1248,Product B,Home,90,Supplier X,25.56070337295819,2.032811837874277,53,SKU001,Warehouse B,Brand Y,405.1182570689819,15
1249,Product A,Electronics,92,Supplier X,11.98260665080474,4.882564986999553,52,SKU002,Warehouse B,Brand X,421.2846260970642,30
1250,Product C,Electronics,1,Supplier Y,46.61759489506219,3.389631567926329,73,SKU002,Warehouse B,Brand Y,413.8829761836692,30
1251,Product B,Clothing,12,Supplier Y,49.0760507288147,1.02834586978953,75,SKU003,Warehouse C,Brand Y,331.3085686336169,15
1252,Product A,Electronics,56,Supplier Y,40.73489230600077,1.136519616284712,85,SKU002,Warehouse B,Brand X,783.8702267887335,15
1253,Product A,Clothing,50,Supplier Z,15.73919079064053,1.589938123218834,45,SKU001,Warehouse A,Brand X,761.4058048658204,7
1254,Product A,Electronics,20,Supplier Y,20.17437376402525,1.750292631275027,53,SKU001,Warehouse B,Brand Y,483.8584218450196,30
1255,Product A,Home,66,Supplier Y,12.11528418332107,4.070476491306387,30,SKU003,Warehouse C,Brand Y,54.21460421510976,30
1256,Product C,Electronics,36,Supplier Y,44.53789835044957,1.8910635056678,82,SKU003,Warehouse B,Brand X,316.4637084979427,15
1257,Product C,Home,79,Supplier Z,45.7279138844079,4.87656648019944,23,SKU001,Warehouse C,Brand Z,299.3800160892891,7
1258,Product B,Home,38,Supplier X,20.94353311230236,3.544448228811753,24,SKU002,Warehouse C,Brand X,812.9763737382558,30
1259,Product B,Electronics,22,Supplier Z,32.82665349515009,3.770070037014071,34,SKU001,Warehouse A,Brand Z,96.69981768201298,7
1260,Product B,Home,61,Supplier X,8.277658988734693,1.87126607714083,56,SKU003,Warehouse B,Brand X,807.6186252522771,7
1261,Product A,Electronics,50,Supplier Y,21.74679501817045,4.570825256380338,71,SKU001,Warehouse C,Brand Z,672.4918156771515,30
1262,Product A,Electronics,96,Supplier Z,31.57495533367488,3.671258291279726,68,SKU001,Warehouse B,Brand Z,735.1170445391448,15
1263,Product C,Home,59,Supplier Z,19.27015592590098,4.457622497367455,85,SKU001,Warehouse C,Brand Y,437.8910557091733,7
1264,Product A,Home,20,Supplier X,17.879976284323,4.825924388924908,27,SKU003,Warehouse A,Brand X,682.9285380417406,15
1265,Product A,Clothing,36,Supplier Z,0.04994961334713333,1.502563908438386,75,SKU003,Warehouse A,Brand X,612.9386552598467,30
1266,Product A,Home,97,Supplier Z,40.21467318885571,1.386348921075783,32,SKU003,Warehouse B,Brand X,771.2903932763431,7
1267,Product B,Clothing,15,Supplier X,44.46688060107241,4.213631306358543,52,SKU002,Warehouse B,Brand Z,452.3021361235696,15
1268,Product B,Home,62,Supplier Z,48.47317647729161,4.464504236376682,15,SKU003,Warehouse B,Brand Z,478.0973686473394,7
1269,Product C,Electronics,3,Supplier Z,35.96356925346078,3.335045683511943,25,SKU002,Warehouse B,Brand Y,647.140460512422,7
1270,Product A,Home,93,Supplier Y,27.43961561849423,2.464002191002082,11,SKU002,Warehouse B,Brand Z,116.9967187297244,7
1271,Product A,Electronics,91,Supplier Y,13.46422599043547,3.610518544300895,86,SKU003,Warehouse C,Brand X,441.8820038806741,30
1272,Product C,Electronics,5,Supplier Y,49.96497379817492,2.222656290369829,89,SKU002,Warehouse B,Brand Z,972.2313368072075,15
1273,Product A,Electronics,56,Supplier Y,29.48764272660528,1.953542768613873,76,SKU002,Warehouse C,Brand Z,47.17679685944515,7
1274,Product A,Clothing,31,Supplier Y,34.05770361652231,2.952580838109062,86,SKU001,Warehouse C,Brand Y,322.8446756377299,15
1275,Product B,Home,86,Supplier Z,34.12030809776589,1.864615310425519,30,SKU002,Warehouse C,Brand Z,320.968720898477,30
1276,Product C,Electronics,35,Supplier Z,42.26258978785907,2.934814433260692,99,SKU002,Warehouse B,Brand X,637.1294780434149,7
1277,Product C,Electronics,71,Supplier Y,0.4836269423459605,4.826426021854288,26,SKU003,Warehouse A,Brand X,114.7423558298985,7
1278,Product C,Clothing,70,Supplier X,11.01234702156859,4.359136142469562,35,SKU001,Warehouse A,Brand X,632.2585905700726,7
1279,Product C,Home,26,Supplier Y,33.2767000085007,4.766523678000089,58,SKU002,Warehouse B,Brand X,104.0898382451032,15
1280,Product B,Home,1,Supplier Z,44.75728684122839,4.225315899389434,86,SKU002,Warehouse B,Brand Y,104.0041109441477,15
1281,Product B,Clothing,83,Supplier X,34.26693909606781,2.419003743785107,2,SKU002,Warehouse B,Brand Y,730.9015236165974,7
1282,Product A,Clothing,7,Supplier Y,20.67456457468401,4.248180954206236,93,SKU003,Warehouse C,Brand X,330.8938220944684,15
1283,Product A,Home,36,Supplier X,18.07777479351308,4.691662974212856,31,SKU003,Warehouse A,Brand X,977.6487182366103,15
1284,Product A,Clothing,76,Supplier Y,36.89740041416602,4.788143151348217,14,SKU001,Warehouse A,Brand Z,46.97940707119938,7
1285,Product A,Home,84,Supplier Z,37.06188485685967,3.732791402739988,74,SKU002,Warehouse A,Brand Z,450.6555970808142,7
1286,Product B,Home,87,Supplier Y,30.35289962528452,1.845466575260453,65,SKU001,Warehouse A,Brand Z,122.0045782972834,7
1287,Product C,Electronics,25,Supplier X,14.57335120486685,1.158916613458763,89,SKU003,Warehouse C,Brand Z,357.8651770905275,30
1288,Product B,Electronics,94,Supplier Z,46.25774091952718,1.588800912640623,62,SKU002,Warehouse B,Brand Z,998.24022610296,7
1289,Product A,Home,59,Supplier Y,27.59399710593195,4.862187671575782,97,SKU002,Warehouse C,Brand X,889.9540866211465,7
1290,Product B,Home,61,Supplier Y,39.52461781241653,2.848387296771078,0,SKU001,Warehouse B,Brand Z,57.84116476684294,7
1291,Product C,Home,29,Supplier Y,10.71541310809158,4.41994405932823,74,SKU002,Warehouse B,Brand Z,567.6232853874266,7
1292,Product C,Home,95,Supplier Y,17.20203943073639,2.860176614233164,4,SKU003,Warehouse A,Brand Z,651.3440817761914,7
1293,Product B,Home,18,Supplier Z,43.72897581936712,3.643270333839358,89,SKU001,Warehouse A,Brand Y,217.4392777106244,7
1294,Product B,Home,41,Supplier Z,2.50535149699842,1.096563108489335,5,SKU001,Warehouse B,Brand Y,153.6545176624857,7
1295,Product B,Clothing,19,Supplier Y,25.6157655628331,1.999459770877467,98,SKU002,Warehouse B,Brand Y,905.3373233188681,7
1296,Product A,Home,4,Supplier Z,24.08527399220045,2.745077120170357,4,SKU003,Warehouse A,Brand X,969.1282770685428,30
1297,Product B,Clothing,65,Supplier X,37.56150944540411,3.522524188616653,72,SKU002,Warehouse A,Brand Y,991.9739287464454,15
1298,Product B,Clothing,41,Supplier Z,14.09468852996662,1.686084752212714,27,SKU001,Warehouse A,Brand Z,791.8641559972882,30
1299,Product B,Home,15,Supplier X,10.95334109297997,4.05820585708196,82,SKU001,Warehouse A,Brand Z,666.8670487112046,30
1300,Product C,Home,54,Supplier X,46.30664193866168,2.457618824544949,68,SKU003,Warehouse A,Brand Z,352.2729496710679,7
1301,Product C,Clothing,64,Supplier Z,28.58548259792324,4.269741076935538,86,SKU001,Warehouse C,Brand X,179.6843292015049,7
1302,Product A,Clothing,72,Supplier Y,5.234478414182725,1.391876361580269,43,SKU003,Warehouse C,Brand Y,88.19079337256937,7
1303,Product A,Home,15,Supplier Z,9.651808110716054,3.719026350729488,15,SKU002,Warehouse C,Brand Y,696.3644938659771,7
1304,Product C,Home,79,Supplier X,49.94130297571242,2.173313332826041,70,SKU003,Warehouse A,Brand Z,786.8761810275647,15
1305,Product C,Clothing,50,Supplier X,9.780449812609621,4.181532696490471,77,SKU002,Warehouse B,Brand Z,828.1891159304303,15
1306,Product C,Clothing,22,Supplier Z,30.52377556768394,2.608681708169642,21,SKU002,Warehouse B,Brand Y,914.6273532707606,30
1307,Product B,Clothing,18,Supplier X,21.0064039497809,3.661398529054266,72,SKU001,Warehouse A,Brand Y,881.1302680019899,15
1308,Product B,Electronics,80,Supplier Z,44.27995474249177,4.737221074545894,22,SKU002,Warehouse C,Brand Z,999.7438595355117,30
1309,Product C,Clothing,2,Supplier Z,37.75842961476638,1.082506528055057,42,SKU001,Warehouse B,Brand Y,251.6233708575788,7
1310,Product B,Electronics,36,Supplier Y,29.84756981309079,1.044467129337495,67,SKU003,Warehouse A,Brand Y,765.6745390600885,30
1311,Product B,Home,20,Supplier X,0.5369490898991247,4.081117008706854,42,SKU003,Warehouse C,Brand X,590.5949172510497,30
1312,Product A,Home,16,Supplier Z,43.98976037467298,3.585572206032313,25,SKU002,Warehouse C,Brand Z,268.6326811290465,15
1313,Product C,Clothing,67,Supplier X,22.23337354193581,2.171918882017731,40,SKU003,Warehouse C,Brand Y,982.0862690640733,30
1314,Product C,Home,30,Supplier Z,46.57888265092883,2.97758681109705,69,SKU002,Warehouse C,Brand X,898.9191237265096,7
1315,Product B,Home,55,Supplier Z,24.77695064271006,1.167742662395475,30,SKU003,Warehouse C,Brand X,137.2305117596753,7
1316,Product C,Home,66,Supplier Y,34.71122445913628,1.769782421444963,16,SKU002,Warehouse C,Brand X,35.89675890018565,7
1317,Product A,Home,99,Supplier Z,3.464632473332108,2.69798549810867,8,SKU002,Warehouse C,Brand X,691.4474547093502,7
1318,Product A,Electronics,26,Supplier Y,37.25758267633929,4.336177664885929,90,SKU003,Warehouse C,Brand X,608.0893225679698,15
1319,Product A,Electronics,57,Supplier X,16.89980156559615,2.918668731440339,54,SKU003,Warehouse C,Brand X,936.4574678700345,30
1320,Product C,Clothing,69,Supplier Y,17.56795071658904,3.345450018103915,5,SKU003,Warehouse C,Brand X,241.6652342887661,30
1321,Product C,Clothing,2,Supplier Y,5.932792235469497,4.495015167975122,69,SKU003,Warehouse A,Brand Z,93.54406841603718,30
1322,Product C,Clothing,56,Supplier X,7.342857432010113,2.235275654355381,63,SKU002,Warehouse B,Brand Z,266.6231804342666,30
1323,Product C,Home,84,Supplier Y,9.287952810310507,3.802797284408224,3,SKU002,Warehouse A,Brand Z,28.73836410634881,7
1324,Product C,Home,62,Supplier Y,16.41030842857112,4.446669034713013,66,SKU003,Warehouse B,Brand X,45.5338236770431,15
1325,Product A,Electronics,34,Supplier Z,44.59849563878027,1.810462802784707,87,SKU003,Warehouse A,Brand Y,915.709227861552,30
1326,Product B,Electronics,98,Supplier Y,18.41301191150403,2.42591266059133,55,SKU001,Warehouse B,Brand X,358.4964166768595,30
1327,Product A,Clothing,56,Supplier Z,36.21813532816092,4.91924069555742,17,SKU002,Warehouse B,Brand Z,416.7009109995839,15
1328,Product C,Electronics,55,Supplier Y,4.13737519449357,4.932874259184844,31,SKU002,Warehouse B,Brand Z,28.18793799272337,30
1329,Product A,Electronics,20,Supplier X,29.55493996359963,1.892919721175752,84,SKU003,Warehouse A,Brand X,277.8165623701281,15
1330,Product C,Electronics,50,Supplier X,24.09456156352198,1.265783355570512,47,SKU001,Warehouse B,Brand Z,806.6787239040167,30
1331,Product C,Electronics,25,Supplier Y,48.89789734772523,2.083686445240212,28,SKU003,Warehouse C,Brand Y,619.336050070052,15
1332,Product A,Electronics,84,Supplier Z,42.31038849394815,2.590927829214749,31,SKU002,Warehouse B,Brand Y,756.2427950755512,30
1333,Product C,Clothing,25,Supplier Y,22.74148862193249,2.764022403724655,24,SKU002,Warehouse A,Brand Y,452.7416033858472,7
1334,Product B,Clothing,53,Supplier Z,38.75713820226694,3.475225229321695,75,SKU001,Warehouse A,Brand X,316.6319295338167,30
1335,Product C,Electronics,14,Supplier Y,9.651937064688877,4.598011040526186,62,SKU003,Warehouse C,Brand Z,487.9819923950866,7
1336,Product B,Clothing,60,Supplier X,28.1168163695889,2.32139204762865,8,SKU001,Warehouse B,Brand Z,329.8403577216936,15
1337,Product B,Home,43,Supplier X,3.730952778435409,4.399938141996834,70,SKU003,Warehouse A,Brand Y,840.5813857073273,7
1338,Product C,Electronics,62,Supplier Z,17.40445161258415,1.373915683706508,13,SKU001,Warehouse B,Brand Z,304.6969784369173,30
1339,Product A,Home,76,Supplier Y,11.29310908110851,1.167498795892859,19,SKU003,Warehouse C,Brand X,663.166004048553,7
1340,Product B,Clothing,69,Supplier Z,35.94549076626055,3.016180732493845,83,SKU003,Warehouse C,Brand Y,145.6124000864326,7
1341,Product A,Clothing,63,Supplier X,24.50453456071807,1.23864889332242,9,SKU003,Warehouse A,Brand X,689.9978287975608,30
1342,Product B,Home,2,Supplier Z,37.55352394240052,2.569959204936921,10,SKU002,Warehouse B,Brand X,914.1667144840334,15
1343,Product C,Clothing,54,Supplier Y,25.76477188157228,4.587112467476937,38,SKU003,Warehouse C,Brand Z,612.4973230935092,7
1344,Product C,Electronics,16,Supplier Z,4.324222107581926,1.965932144829893,18,SKU002,Warehouse C,Brand X,564.2568262341324,30
1345,Product B,Home,55,Supplier Y,36.76838248662634,3.823903100499613,18,SKU001,Warehouse A,Brand Y,961.5070853414238,7
1346,Product C,Electronics,94,Supplier Y,41.66146319939028,2.209461569560268,42,SKU003,Warehouse C,Brand X,631.1225897626879,15
1347,Product B,Home,43,Supplier X,45.17656129563963,1.179680220968542,60,SKU002,Warehouse A,Brand Z,266.9549289403517,15
1348,Product C,Clothing,61,Supplier Y,28.59959726533541,3.226762325641237,69,SKU001,Warehouse C,Brand X,299.467113609263,15
1349,Product A,Home,38,Supplier Y,37.67926794997475,4.339413962147007,71,SKU003,Warehouse C,Brand X,708.2535761105679,7
1350,Product C,Home,45,Supplier Y,37.60221684413136,2.637873793370478,64,SKU001,Warehouse A,Brand Z,738.0822279532645,30
1351,Product A,Electronics,51,Supplier Z,7.787487989947217,3.469175305832348,22,SKU002,Warehouse A,Brand Z,310.461269471125,15
1352,Product C,Clothing,42,Supplier X,8.211034372978537,4.600094390630904,59,SKU002,Warehouse B,Brand Z,351.8905381470669,30
1353,Product A,Electronics,24,Supplier Z,3.544275290456306,4.158778050947951,9,SKU003,Warehouse C,Brand Z,991.1459436516961,15
1354,Product C,Clothing,30,Supplier Z,15.99568175701507,1.775505597571277,62,SKU002,Warehouse B,Brand Z,110.9330240844747,7
1355,Product A,Electronics,37,Supplier X,23.67542938705323,3.933535837460023,1,SKU002,Warehouse B,Brand Z,410.5985781556983,7
1356,Product B,Home,53,Supplier Z,49.89489263771085,3.007572100640608,35,SKU001,Warehouse A,Brand Z,71.82305588553238,15
1357,Product B,Electronics,63,Supplier Z,21.54966710340848,3.983867231544339,56,SKU003,Warehouse C,Brand X,822.8675783782586,30
1358,Product A,Clothing,11,Supplier Y,36.31212942536855,2.978062202088873,65,SKU003,Warehouse A,Brand X,101.4223805559779,30
1359,Product C,Clothing,78,Supplier Z,34.66985131362673,1.511832656433211,78,SKU003,Warehouse C,Brand X,677.2672828980841,15
1360,Product A,Home,23,Supplier X,10.22409751252898,3.279637786756957,19,SKU001,Warehouse A,Brand Y,65.91858976344723,7
1361,Product C,Clothing,80,Supplier Z,2.925357572471821,2.96853596958936,41,SKU002,Warehouse C,Brand Z,676.1264874315942,30
1362,Product B,Electronics,50,Supplier Y,27.30033757667937,3.071686934565767,20,SKU003,Warehouse B,Brand X,844.6065774584263,30
1363,Product C,Home,85,Supplier Z,35.01527961572381,4.515609814583481,93,SKU003,Warehouse C,Brand Z,404.8333116548168,7
1364,Product B,Clothing,55,Supplier X,49.9125895093128,4.579348186825006,87,SKU001,Warehouse C,Brand Y,526.9052284978551,30
1365,Product C,Clothing,55,Supplier Y,17.93055261405854,2.814148427062873,65,SKU001,Warehouse A,Brand Z,407.5263206252296,15
1366,Product C,Electronics,4,Supplier Z,44.81822810405484,2.822928165120353,37,SKU003,Warehouse C,Brand X,307.4838710463125,7
1367,Product C,Electronics,97,Supplier X,19.09662279345932,3.060747835490464,85,SKU003,Warehouse C,Brand Y,805.2307666208569,15
1368,Product A,Home,54,Supplier X,34.47058542152564,3.078357113337028,92,SKU001,Warehouse C,Brand Z,279.2825479936798,7
1369,Product A,Clothing,61,Supplier Z,29.9126465258526,4.801548576716451,77,SKU001,Warehouse C,Brand Y,725.7139901455525,15
1370,Product B,Electronics,78,Supplier Z,2.648939665129846,3.597601869509974,68,SKU001,Warehouse B,Brand Z,214.1351084626502,15
1371,Product B,Home,83,Supplier Y,3.919421348512925,2.109827979551776,23,SKU001,Warehouse A,Brand Y,257.3552581175463,15
1372,Product A,Clothing,5,Supplier Z,1.038204486223049,3.12614718781596,25,SKU002,Warehouse C,Brand X,343.0965509514401,30
1373,Product B,Clothing,95,Supplier Y,18.54170422969947,3.508894331631931,1,SKU002,Warehouse A,Brand Z,593.2648136198503,30
1374,Product A,Home,18,Supplier Z,37.29005243830053,3.559086884055858,45,SKU003,Warehouse B,Brand Z,459.8780959679457,15
1375,Product C,Home,44,Supplier X,8.637769699536136,3.341016904952731,33,SKU002,Warehouse B,Brand Z,747.6933617295422,15
1376,Product B,Electronics,31,Supplier X,30.29264841919479,1.710944618486149,61,SKU001,Warehouse C,Brand X,221.4316273328304,7
1377,Product B,Clothing,94,Supplier X,14.44138900155389,1.13437275631803,86,SKU003,Warehouse A,Brand Y,20.56556497034578,30
1378,Product A,Clothing,21,Supplier X,39.8496311989536,2.351372209467418,40,SKU001,Warehouse A,Brand X,778.7918970673678,15
1379,Product B,Clothing,47,Supplier Y,39.91980745014955,2.710088618241014,98,SKU002,Warehouse A,Brand Y,823.4328405412717,30
1380,Product B,Home,30,Supplier X,38.77072574832118,1.247216958304346,14,SKU001,Warehouse B,Brand Z,68.88536147730565,7
1381,Product C,Electronics,55,Supplier Y,26.24167569006884,4.259869352079384,54,SKU003,Warehouse B,Brand Y,614.7984469368125,15
1382,Product B,Clothing,68,Supplier Y,14.22833550399258,2.376309750041095,2,SKU002,Warehouse C,Brand Y,384.4247160343472,30
1383,Product C,Home,69,Supplier Y,40.47220219393173,4.654530984714018,75,SKU003,Warehouse A,Brand Z,795.9566986425716,7
1384,Product A,Clothing,41,Supplier Z,9.305028096962076,1.617640431369061,37,SKU002,Warehouse A,Brand Z,875.6704086545137,15
1385,Product B,Electronics,45,Supplier Y,14.4879801014328,1.227739827749254,50,SKU001,Warehouse B,Brand Y,852.4937291292766,30
1386,Product C,Clothing,74,Supplier Z,9.19738530803108,2.929264417545287,16,SKU003,Warehouse C,Brand Z,779.4322048773436,7
1387,Product A,Electronics,91,Supplier Y,33.71050801938239,1.756517347302827,90,SKU002,Warehouse C,Brand Z,276.3617064547413,7
1388,Product B,Electronics,80,Supplier Z,34.3118014057909,4.749597102311444,82,SKU002,Warehouse C,Brand Y,813.7707471326336,30
1389,Product A,Clothing,30,Supplier Z,32.62549963933765,1.041213593814956,48,SKU002,Warehouse B,Brand X,538.1436911472298,15
1390,Product B,Clothing,77,Supplier X,20.78007334323339,2.65047870023614,20,SKU002,Warehouse A,Brand X,62.22904868376991,30
1391,Product A,Electronics,85,Supplier Y,5.008550360071662,4.706991085380674,87,SKU001,Warehouse C,Brand Z,462.3694613992665,7
1392,Product A,Home,45,Supplier Z,45.55847922575106,2.537672826919073,23,SKU001,Warehouse C,Brand Y,942.7363378596933,7
1393,Product C,Electronics,45,Supplier X,25.38654820061191,1.372437122401843,82,SKU002,Warehouse A,Brand Z,888.9807562381972,15
1394,Product A,Clothing,79,Supplier Y,20.34860974555458,2.211579771447148,94,SKU001,Warehouse C,Brand X,111.2416381871449,30
1395,Product B,Clothing,84,Supplier X,29.44124466241466,2.992041575337734,39,SKU001,Warehouse B,Brand X,746.6854188572265,15
1396,Product B,Home,84,Supplier Z,9.63952179095529,1.740606749373332,19,SKU002,Warehouse C,Brand Y,807.7349372986524,15
1397,Product C,Electronics,45,Supplier X,6.627438955243719,2.866246820573048,78,SKU001,Warehouse A,Brand Y,278.6743063543972,7
1398,Product B,Electronics,55,Supplier X,20.27626107289718,4.34537278314335,34,SKU003,Warehouse B,Brand X,476.8924850336814,30
1399,Product B,Electronics,59,Supplier Y,11.36103470499553,4.490471880786452,47,SKU003,Warehouse C,Brand Y,713.8780620490461,30
1400,Product B,Clothing,5,Supplier Z,12.21451472685823,1.197042938842928,98,SKU001,Warehouse A,Brand X,444.6510739329364,7
1401,Product A,Electronics,32,Supplier Y,44.62557438892647,1.643613432210294,32,SKU002,Warehouse A,Brand Z,121.6689496779112,7
1402,Product A,Home,6,Supplier Y,26.53795885929124,2.101160543067217,55,SKU003,Warehouse A,Brand X,708.8236202349043,30
1403,Product B,Clothing,94,Supplier X,24.17345321616756,3.379463403550407,40,SKU001,Warehouse A,Brand X,912.5223028379504,15
1404,Product C,Clothing,26,Supplier Z,34.47397968642987,2.443979035169868,53,SKU001,Warehouse C,Brand Y,655.959881122096,15
1405,Product A,Electronics,37,Supplier Y,47.57740568383698,4.376163653784301,43,SKU002,Warehouse C,Brand Y,776.0627410833436,30
1406,Product C,Home,13,Supplier Z,5.609928223528204,3.86668747313175,81,SKU002,Warehouse B,Brand Y,364.7789103012502,15
1407,Product B,Clothing,93,Supplier Y,41.67672835546286,1.401824092454033,80,SKU001,Warehouse B,Brand Z,191.3662626753685,15
1408,Product B,Clothing,69,Supplier X,29.20095899339229,3.498230010048365,71,SKU002,Warehouse A,Brand Y,646.3459250021097,7
1409,Product A,Electronics,25,Supplier Y,7.308267690591864,1.452050501387914,83,SKU003,Warehouse A,Brand Z,334.4934937828067,15
1410,Product B,Electronics,13,Supplier Y,14.85746593444958,2.02014267854584,10,SKU003,Warehouse B,Brand Y,861.4727837998948,7
1411,Product A,Home,88,Supplier Y,24.11807082323698,1.711482534136912,93,SKU001,Warehouse C,Brand Y,131.4017694782265,15
1412,Product B,Electronics,95,Supplier Z,34.55885722887115,1.69224779680282,90,SKU001,Warehouse C,Brand X,439.1290627357924,30
1413,Product B,Home,20,Supplier X,12.13035084767261,3.465582099107437,13,SKU002,Warehouse C,Brand X,402.760324463702,7
1414,Product A,Clothing,72,Supplier Z,26.74394077337949,3.254419690216646,41,SKU003,Warehouse A,Brand X,938.6733150183903,30
1415,Product A,Home,60,Supplier Y,34.23358137079309,1.704112611150908,78,SKU002,Warehouse B,Brand Z,161.6034525983598,7
1416,Product A,Home,73,Supplier X,22.43703754237531,4.960691221673727,11,SKU001,Warehouse B,Brand Y,19.74835676189084,15
1417,Product B,Home,21,Supplier Z,43.15129805600879,2.687346929473175,83,SKU001,Warehouse B,Brand X,245.7043606790464,30
1418,Product B,Clothing,61,Supplier Y,43.47295514202022,1.388277312619747,16,SKU001,Warehouse C,Brand Y,822.0740911709679,7
1419,Product C,Electronics,84,Supplier X,23.53456088202229,1.482276067820461,89,SKU001,Warehouse B,Brand X,217.2285978865469,30
1420,Product A,Clothing,79,Supplier X,48.64628552044498,3.335574854906379,77,SKU001,Warehouse B,Brand Y,248.4692830684279,30
1421,Product B,Electronics,26,Supplier Y,3.779254620272365,4.916277613533891,24,SKU001,Warehouse C,Brand X,138.5998164914427,15
1422,Product B,Home,54,Supplier X,0.1681189161468311,3.287804406476791,25,SKU002,Warehouse A,Brand X,718.281841243775,7
1423,Product A,Home,42,Supplier X,19.03341319019595,4.796165906466548,46,SKU002,Warehouse A,Brand X,78.482448600363,15
1424,Product C,Home,11,Supplier Z,30.05485306862547,2.776531403032107,24,SKU002,Warehouse C,Brand X,337.8962193052364,30
1425,Product A,Home,37,Supplier X,31.46000787248304,2.743364414608048,88,SKU003,Warehouse B,Brand X,289.6737393547549,7
1426,Product C,Home,11,Supplier Z,23.82228681469143,3.000029437263529,59,SKU002,Warehouse A,Brand Y,559.6081324922533,30
1427,Product B,Electronics,27,Supplier Z,6.244165662032309,3.789701832622221,59,SKU001,Warehouse A,Brand X,733.1121023695382,30
1428,Product C,Electronics,94,Supplier Z,8.524876089394711,2.470463865805331,26,SKU002,Warehouse A,Brand Y,537.5476703497799,7
1429,Product B,Home,83,Supplier Z,42.60739919260046,4.455544130715828,42,SKU002,Warehouse C,Brand X,931.7157330453169,30
1430,Product A,Clothing,34,Supplier X,43.39555658696306,1.117125539072585,75,SKU003,Warehouse A,Brand Y,951.9282124984586,7
1431,Product A,Clothing,38,Supplier X,33.69492689303601,2.759056780113769,19,SKU001,Warehouse B,Brand X,367.8506752135303,7
1432,Product A,Home,61,Supplier Z,33.21089861394412,3.043967399919671,62,SKU003,Warehouse C,Brand X,779.9035725121438,7
1433,Product C,Electronics,87,Supplier X,29.88410640139038,3.428128953052385,79,SKU003,Warehouse C,Brand X,741.4133694355078,30
1434,Product B,Clothing,53,Supplier Z,10.14629428509941,2.104287649463453,24,SKU003,Warehouse A,Brand Z,894.0349457877791,15
1435,Product A,Clothing,65,Supplier Z,21.41253501299516,2.709919883943341,26,SKU002,Warehouse B,Brand Y,453.4642038056263,30
1436,Product A,Clothing,3,Supplier Z,34.79473257316894,2.938151000856227,51,SKU001,Warehouse C,Brand Y,535.1684553258143,30
1437,Product B,Home,67,Supplier Y,26.86261360016693,3.747639914732853,81,SKU001,Warehouse A,Brand X,421.6165704457583,7
1438,Product A,Clothing,28,Supplier X,0.929016702754959,4.094176738943256,9,SKU003,Warehouse B,Brand X,851.8731501067085,15
1439,Product B,Clothing,14,Supplier X,47.67784033600492,3.951309309375149,49,SKU001,Warehouse B,Brand X,237.405292208513,7
1440,Product B,Clothing,52,Supplier Z,42.24080262860717,2.366332209158341,29,SKU001,Warehouse C,Brand Z,247.3119874600202,30
1441,Product B,Clothing,30,Supplier X,13.02725070548689,4.997802091967854,0,SKU003,Warehouse A,Brand X,378.879052541309,15
1442,Product B,Electronics,58,Supplier Z,30.82294675831481,4.394661247148718,53,SKU002,Warehouse B,Brand X,238.0394037813277,7
1443,Product B,Home,54,Supplier X,46.16196918640939,2.040093492579876,3,SKU003,Warehouse C,Brand Y,565.3967680507716,30
1444,Product C,Home,69,Supplier Z,4.800550605682568,1.78042322269131,86,SKU003,Warehouse C,Brand Z,143.1452054305473,30
1445,Product A,Electronics,15,Supplier Z,25.15147403983503,2.256085002333562,6,SKU002,Warehouse C,Brand Y,326.9843572100148,15
1446,Product C,Electronics,38,Supplier Y,22.81215129231472,2.80937941199858,29,SKU002,Warehouse C,Brand Z,914.310251490834,30
1447,Product A,Home,78,Supplier Z,20.51025026417662,4.403197513278455,89,SKU002,Warehouse C,Brand Z,415.133225389878,30
1448,Product C,Clothing,14,Supplier Y,41.77943044464625,4.113449055178138,64,SKU002,Warehouse B,Brand Y,750.7513793285741,30
1449,Product B,Clothing,57,Supplier X,19.03230733487287,4.404984494023504,28,SKU003,Warehouse C,Brand Y,122.3275697895083,30
1450,Product A,Home,59,Supplier X,3.18316666205038,2.087828459641314,24,SKU002,Warehouse A,Brand Z,255.0888630603668,15
1451,Product A,Clothing,8,Supplier Y,3.291887108215125,3.373844889807345,39,SKU001,Warehouse A,Brand Z,809.2721649883649,30
1452,Product C,Electronics,72,Supplier X,2.13723032623045,2.132996249109498,25,SKU003,Warehouse B,Brand X,765.3630069267972,30
1453,Product C,Clothing,19,Supplier Y,20.45727109370186,1.436092642877973,16,SKU003,Warehouse C,Brand X,392.294359407883,30
1454,Product A,Clothing,32,Supplier X,35.920313884918,3.736790973898723,30,SKU002,Warehouse C,Brand Y,954.8529330131395,15
1455,Product C,Clothing,95,Supplier Y,10.18612309652577,1.571990204781755,60,SKU002,Warehouse B,Brand Z,911.5365856761999,15
1456,Product C,Home,29,Supplier Y,32.32342602157748,3.670791046825886,7,SKU001,Warehouse C,Brand Y,962.6777416211174,7
1457,Product C,Electronics,41,Supplier Z,34.35442360518521,3.591857219621637,68,SKU002,Warehouse C,Brand X,433.6355432859075,15
1458,Product B,Clothing,75,Supplier X,12.7601062007799,4.240993777696068,0,SKU003,Warehouse A,Brand X,205.4988478488262,30
1459,Product B,Home,45,Supplier Z,30.02788280303146,1.558218418254258,78,SKU002,Warehouse C,Brand X,630.3920527004276,15
1460,Product C,Clothing,13,Supplier Y,34.24341700134237,4.133920594035244,99,SKU001,Warehouse B,Brand Z,687.9254266964065,15
1461,Product C,Electronics,27,Supplier Z,23.33068114010629,4.997106103784948,70,SKU003,Warehouse A,Brand Y,134.1873666060148,15
1462,Product B,Clothing,19,Supplier Y,16.83582986400475,4.404169794343609,45,SKU003,Warehouse B,Brand Z,788.6182039529468,30
1463,Product B,Electronics,26,Supplier X,30.95757757871637,4.007248305310664,90,SKU002,Warehouse B,Brand Z,27.87961756236092,7
1464,Product A,Clothing,53,Supplier X,48.89235436640285,3.64866141877883,98,SKU001,Warehouse C,Brand X,487.9011036020156,7
1465,Product A,Electronics,51,Supplier X,21.3420704684489,2.687125938741718,90,SKU001,Warehouse C,Brand X,337.7060968999459,7
1466,Product B,Clothing,37,Supplier Y,19.58675481425605,3.922000671566409,19,SKU002,Warehouse A,Brand Y,742.9000293000933,7
1467,Product C,Electronics,9,Supplier Z,23.21334512130567,3.896712140561813,81,SKU003,Warehouse B,Brand Z,319.6331201475978,15
1468,Product C,Clothing,92,Supplier X,3.810919672252411,3.525993130749153,39,SKU003,Warehouse B,Brand Y,828.5390416532225,7
1469,Product C,Clothing,96,Supplier Y,27.6581639835695,4.185113513191314,1,SKU003,Warehouse C,Brand Y,599.0039538930024,15
1470,Product C,Home,52,Supplier Z,16.43486936086318,2.795055553707339,93,SKU002,Warehouse B,Brand Y,795.9544281444513,15
1471,Product A,Home,54,Supplier Y,6.071106116563124,1.485010848529563,60,SKU003,Warehouse B,Brand Y,989.4472314612275,7
1472,Product B,Electronics,3,Supplier Y,23.31283705586867,3.23627091043695,93,SKU003,Warehouse B,Brand X,682.3667622861212,30
1473,Product C,Clothing,96,Supplier X,0.1691993286988713,2.06017411484537,70,SKU002,Warehouse B,Brand Y,985.1008131980277,7
1474,Product A,Electronics,69,Supplier Y,20.08926225813795,2.537732389716601,76,SKU003,Warehouse B,Brand X,38.54796365248829,7
1475,Product C,Home,8,Supplier Y,5.286763396322525,1.069659615764904,96,SKU002,Warehouse A,Brand Y,344.7585885989703,15
1476,Product B,Electronics,14,Supplier Z,1.214635169989015,2.531162351671533,29,SKU001,Warehouse B,Brand X,116.7747319166861,15
1477,Product A,Electronics,3,Supplier X,41.2237523122251,4.235204424541818,29,SKU001,Warehouse B,Brand Y,269.6818820705952,7
1478,Product B,Home,24,Supplier Y,45.81244016413174,3.170889467753019,86,SKU002,Warehouse A,Brand Z,840.4990201345167,7
1479,Product B,Clothing,13,Supplier Y,10.38373241795533,1.039202107735884,44,SKU002,Warehouse C,Brand Z,42.00003267282941,30
1480,Product A,Electronics,43,Supplier Z,26.96491319171306,2.879375280959389,23,SKU002,Warehouse C,Brand X,524.9811063750698,30
1481,Product A,Home,29,Supplier Y,13.89790785654925,2.16580659058163,83,SKU003,Warehouse A,Brand X,571.4574204570492,30
1482,Product A,Clothing,72,Supplier Y,24.67887193360911,2.910202621588684,91,SKU003,Warehouse A,Brand Y,565.5396352052366,15
1483,Product A,Home,51,Supplier Y,21.83156604470801,2.618770885791508,55,SKU002,Warehouse C,Brand Z,480.5441030850232,30
1484,Product A,Electronics,42,Supplier Y,13.45255275402428,4.727916878229526,82,SKU002,Warehouse B,Brand Y,792.6969351220578,15
1485,Product A,Clothing,31,Supplier Y,35.01967898176488,1.164709195852063,60,SKU003,Warehouse B,Brand X,142.2076586104957,15
1486,Product A,Clothing,63,Supplier Z,6.324547966012712,3.734352045127729,12,SKU003,Warehouse A,Brand Y,317.4712453952794,7
1487,Product C,Home,26,Supplier Y,2.653639108568356,4.404106385206966,79,SKU002,Warehouse B,Brand Z,619.568792910721,30
1488,Product B,Home,18,Supplier Y,38.38377165186396,4.836954338601902,55,SKU003,Warehouse A,Brand Z,694.0418526052763,7
1489,Product A,Home,82,Supplier Y,33.29650156103399,1.710544906177184,14,SKU003,Warehouse C,Brand Z,410.1069474592857,7
1490,Product C,Clothing,57,Supplier Y,24.9263062073199,3.125219207864776,10,SKU001,Warehouse B,Brand Z,876.6175506939608,15
1491,Product C,Clothing,7,Supplier X,23.38948852362708,1.174358309268848,11,SKU002,Warehouse C,Brand Z,421.3384627289552,30
1492,Product C,Electronics,48,Supplier X,24.87056897457131,2.996734097820354,85,SKU002,Warehouse B,Brand X,408.7483730048498,7
1493,Product B,Clothing,80,Supplier X,21.85120380493364,1.501832358163928,88,SKU003,Warehouse B,Brand Y,45.84518887251111,15
1494,Product A,Electronics,60,Supplier X,19.64461479155896,4.351586698794854,2,SKU001,Warehouse B,Brand Y,555.6299228327865,7
1495,Product C,Home,33,Supplier Z,24.98453014430602,1.455480010421459,23,SKU002,Warehouse A,Brand Y,711.594030126786,30
1496,Product B,Home,3,Supplier X,26.42575855798802,3.053153441545981,88,SKU002,Warehouse C,Brand X,123.2937818816796,15
1497,Product B,Clothing,4,Supplier Z,34.59511570418105,3.084384275971015,8,SKU003,Warehouse A,Brand X,312.3784384269921,30
1498,Product B,Home,4,Supplier X,35.56035803670113,4.886601991726422,91,SKU002,Warehouse A,Brand X,783.4443842450237,7
1499,Product C,Home,42,Supplier Z,18.88145400700723,3.619922776155553,45,SKU003,Warehouse C,Brand X,372.2602410594396,15
1500,Product A,Clothing,9,Supplier X,20.67702613717444,2.151361172307208,93,SKU001,Warehouse C,Brand Y,249.1864374196395,7
1501,Product C,Electronics,51,Supplier Y,18.68485848681115,1.963197239752554,70,SKU001,Warehouse A,Brand Z,675.4786569294611,7
1502,Product C,Clothing,17,Supplier X,26.82678868128552,1.51299282258026,59,SKU002,Warehouse A,Brand Z,204.7911898949391,30
1503,Product A,Electronics,17,Supplier X,22.66767689570976,4.026058896196238,10,SKU003,Warehouse A,Brand X,896.6963903873451,15
1504,Product A,Clothing,97,Supplier X,44.47982315680968,3.763026624729354,9,SKU001,Warehouse C,Brand Y,114.5424120658795,7
1505,Product A,Clothing,20,Supplier Y,34.81806334582363,3.439508509232424,2,SKU002,Warehouse A,Brand Y,709.4843042599987,30
1506,Product B,Home,14,Supplier Z,44.93281918772228,1.163361771799953,18,SKU002,Warehouse C,Brand X,504.5532142735115,30
1507,Product A,Clothing,22,Supplier Z,35.45684957797128,4.051315465577177,1,SKU002,Warehouse A,Brand Y,871.2302667730237,15
1508,Product C,Clothing,52,Supplier Y,48.5496074261907,3.567550308593917,16,SKU003,Warehouse C,Brand Z,134.9331401159743,7
1509,Product A,Electronics,27,Supplier X,31.78683891276345,4.855555472441953,92,SKU003,Warehouse A,Brand X,681.115969311127,15
1510,Product C,Home,43,Supplier X,48.17750690815274,3.348808519507248,1,SKU001,Warehouse B,Brand Y,576.3340927895676,15
1511,Product B,Electronics,3,Supplier X,7.908494520471304,2.215807626646833,52,SKU003,Warehouse B,Brand Y,485.289240817646,7
1512,Product C,Electronics,88,Supplier Z,2.623884041470192,2.526082208757281,15,SKU003,Warehouse C,Brand Y,496.4931907983417,15
1513,Product C,Home,94,Supplier Z,28.95625926019296,1.70336282151293,9,SKU002,Warehouse C,Brand X,724.7571921805454,15
1514,Product A,Home,8,Supplier Y,49.17466028998874,3.891656728805541,67,SKU002,Warehouse B,Brand Z,938.3642383854739,15
1515,Product A,Home,86,Supplier Y,20.88026236511984,3.830886640086901,42,SKU001,Warehouse C,Brand Y,100.3391425278576,30
1516,Product C,Clothing,89,Supplier Z,10.60216810964798,1.802600061910705,89,SKU002,Warehouse C,Brand X,29.30762113441503,7
1517,Product A,Home,10,Supplier X,26.0770724596757,1.633957292729114,57,SKU002,Warehouse B,Brand X,807.6477445563914,15
1518,Product B,Home,29,Supplier X,32.43993122894443,1.308019732808778,59,SKU002,Warehouse A,Brand Y,117.0876936752517,30
1519,Product B,Home,40,Supplier X,15.75893477579445,4.647902974727034,23,SKU003,Warehouse C,Brand X,986.8298281196196,30
1520,Product A,Electronics,65,Supplier X,35.73846792496298,1.932279334779405,75,SKU002,Warehouse C,Brand Z,623.1547664692489,15
1521,Product B,Electronics,21,Supplier Y,48.75572535228629,2.376654107007216,84,SKU001,Warehouse A,Brand Z,654.3577313015993,7
1522,Product A,Clothing,24,Supplier Y,44.84815608553085,2.122018033509963,15,SKU001,Warehouse A,Brand X,206.9027859086372,30
1523,Product C,Electronics,73,Supplier Z,14.57926867560976,2.654498410443164,99,SKU002,Warehouse C,Brand Y,247.9091871937077,15
1524,Product C,Clothing,60,Supplier Y,16.33618415722992,3.856195197529933,98,SKU002,Warehouse C,Brand Z,662.7568000682577,7
1525,Product B,Electronics,26,Supplier X,18.57706122247943,4.482382534905138,8,SKU001,Warehouse A,Brand Y,910.629569554855,7
1526,Product A,Home,9,Supplier Z,19.72763891968227,1.730394998114161,5,SKU003,Warehouse C,Brand X,982.5666489723909,15
1527,Product A,Electronics,20,Supplier Y,5.015974959663971,3.74564937496466,64,SKU002,Warehouse A,Brand Z,206.0506371647827,30
1528,Product B,Clothing,56,Supplier Y,38.09814194446447,2.410248568969941,77,SKU001,Warehouse A,Brand Y,142.7784264826923,7
1529,Product C,Electronics,99,Supplier Y,18.26696318053502,4.922108673189172,23,SKU003,Warehouse C,Brand X,65.83734418318257,7
1530,Product B,Home,36,Supplier Y,43.99099883527261,2.195676637136307,9,SKU001,Warehouse C,Brand Y,869.6140479797145,7
1531,Product C,Clothing,36,Supplier Y,46.34703115600544,1.02877182403144,81,SKU003,Warehouse A,Brand Z,301.7676983879041,7
1532,Product A,Home,73,Supplier X,1.221565465384405,3.062559896079381,72,SKU001,Warehouse C,Brand X,11.79391353055914,30
1533,Product C,Home,22,Supplier X,49.42515349641031,1.602924337103751,26,SKU001,Warehouse A,Brand X,231.5799051958645,30
1534,Product B,Clothing,1,Supplier X,35.50113657500923,1.177977707273596,82,SKU003,Warehouse B,Brand Y,347.0366692984242,15
1535,Product A,Home,69,Supplier Y,26.01961129964812,3.793076927790834,99,SKU002,Warehouse B,Brand Y,991.0763078017184,15
1536,Product B,Home,73,Supplier Z,19.47638041862766,3.929037130033826,2,SKU001,Warehouse A,Brand X,528.3061779185108,30
1537,Product B,Electronics,37,Supplier X,25.92590663048565,2.84279605246601,37,SKU002,Warehouse A,Brand Z,212.6668081191503,15
1538,Product C,Home,83,Supplier X,16.23123619892222,3.707542067026309,72,SKU001,Warehouse C,Brand Z,341.4701612663166,7
1539,Product B,Home,72,Supplier Y,31.13439068482741,3.152957792988536,73,SKU003,Warehouse A,Brand Y,337.0046106813097,30
1540,Product C,Home,96,Supplier Z,4.649013822239562,3.519204430887727,72,SKU002,Warehouse A,Brand Y,29.52848899854373,7
1541,Product A,Home,13,Supplier X,31.05613014559051,3.386815892751845,16,SKU003,Warehouse C,Brand Y,143.8312236297158,30
1542,Product C,Clothing,84,Supplier X,13.76724250692221,3.66329105622237,47,SKU003,Warehouse C,Brand Z,698.2444951061791,30
1543,Product A,Electronics,43,Supplier Z,0.8817414526173184,1.798522594692685,48,SKU002,Warehouse B,Brand Z,129.0484767050273,15
1544,Product C,Home,37,Supplier Y,27.63528830814388,2.074826480146801,42,SKU002,Warehouse A,Brand Y,238.4269338400576,30
1545,Product B,Home,94,Supplier Z,28.92238779263482,2.759852598030768,83,SKU002,Warehouse A,Brand Y,357.2299254202657,15
1546,Product C,Clothing,74,Supplier Y,21.3284502355768,2.784512037676746,6,SKU003,Warehouse B,Brand X,760.1575950572708,30
1547,Product C,Home,95,Supplier X,3.614311627515843,4.097646846347617,67,SKU003,Warehouse A,Brand X,586.5769552192604,7
1548,Product A,Clothing,25,Supplier Z,44.66714764020958,2.469574636918128,73,SKU003,Warehouse C,Brand X,692.1099851386826,7
1549,Product B,Electronics,93,Supplier Z,30.57154036139444,1.650020624236729,20,SKU002,Warehouse A,Brand X,571.3422021659705,7
1550,Product C,Electronics,88,Supplier X,5.785664978448479,2.005863881964304,77,SKU001,Warehouse C,Brand Y,686.7565009696503,7
1551,Product B,Home,21,Supplier X,25.54652882970738,1.858934009536914,24,SKU002,Warehouse A,Brand Z,12.81373212733272,7
1552,Product C,Home,41,Supplier Y,24.86271579742357,3.926640077024088,80,SKU001,Warehouse B,Brand Z,931.5891629277152,7
1553,Product C,Home,73,Supplier X,3.020093439646349,2.881358458503928,60,SKU003,Warehouse C,Brand X,119.8110285660585,30
1554,Product B,Clothing,42,Supplier X,30.34298518014737,3.834522791883934,27,SKU001,Warehouse C,Brand Z,412.1866050171358,15
1555,Product C,Home,42,Supplier Z,40.41631994607823,2.664878723030508,77,SKU002,Warehouse B,Brand X,773.3279865424063,30
1556,Product B,Home,2,Supplier Y,37.45040271242391,4.558942410015621,51,SKU002,Warehouse C,Brand Y,440.8784108293297,7
1557,Product C,Electronics,68,Supplier X,10.14847070820917,4.934081230890938,12,SKU002,Warehouse B,Brand X,947.3741261508407,7
1558,Product A,Home,8,Supplier Z,43.11462647771057,3.679370034810447,33,SKU001,Warehouse A,Brand Z,472.9130590137791,30
1559,Product B,Electronics,96,Supplier X,17.12710828296754,4.455250228944875,66,SKU002,Warehouse B,Brand Z,876.1900115466447,15
1560,Product C,Home,61,Supplier X,47.32541891459707,3.031733068688251,3,SKU001,Warehouse A,Brand Z,812.7198322286482,15
1561,Product C,Electronics,14,Supplier X,3.587398211285686,4.738483361415632,43,SKU003,Warehouse C,Brand Y,981.1764397706963,15
1562,Product A,Home,77,Supplier X,24.31043442599213,4.326345942691312,14,SKU001,Warehouse C,Brand X,927.2823029434657,15
1563,Product B,Electronics,21,Supplier Y,29.85621885887746,4.967114287064156,83,SKU003,Warehouse B,Brand Y,899.1425963657499,7
1564,Product C,Clothing,24,Supplier Z,12.38250492373024,3.492374941311122,7,SKU001,Warehouse A,Brand Y,734.2882971142736,7
1565,Product A,Electronics,50,Supplier Z,38.56900943601138,4.116826961072914,4,SKU003,Warehouse B,Brand X,373.3281657955386,15
1566,Product C,Electronics,82,Supplier X,31.34478399053585,3.171472559912854,65,SKU002,Warehouse C,Brand Z,115.0641643792534,30
1567,Product B,Electronics,45,Supplier Z,0.9054718643977777,2.036480417085691,91,SKU001,Warehouse C,Brand Z,691.7586017417461,30
1568,Product C,Home,64,Supplier X,30.41842953481179,2.419020684519031,85,SKU003,Warehouse A,Brand Z,978.8675405245853,7
1569,Product C,Home,64,Supplier Z,24.57391172092232,4.576021658925264,72,SKU002,Warehouse A,Brand Z,729.3383929585502,30
1570,Product C,Home,26,Supplier Y,9.801460085175384,1.223791786394482,91,SKU002,Warehouse C,Brand Y,929.4420755845622,7
1571,Product C,Clothing,32,Supplier Y,49.78741135297648,3.365919544297633,45,SKU003,Warehouse C,Brand X,806.2616658259616,7
1572,Product A,Clothing,57,Supplier Z,44.85810974138074,2.489936130016435,64,SKU003,Warehouse A,Brand X,171.483528365512,15
1573,Product A,Electronics,53,Supplier X,14.62538475145317,2.546770152022223,99,SKU001,Warehouse B,Brand X,256.7117328853744,15
1574,Product B,Clothing,33,Supplier X,27.05354603993081,4.538284825655069,65,SKU003,Warehouse B,Brand Y,348.4469457447269,15
1575,Product A,Electronics,52,Supplier X,15.82510699551454,4.415289498184906,25,SKU003,Warehouse A,Brand Z,176.5778398946241,15
1576,Product A,Electronics,95,Supplier X,38.77478758180391,3.395369502289875,30,SKU002,Warehouse A,Brand Z,585.8348193462766,15
1577,Product B,Electronics,18,Supplier Y,46.51657165982275,2.091675389617336,50,SKU003,Warehouse A,Brand X,975.6960188936017,15
1578,Product A,Clothing,35,Supplier X,17.94143034571918,2.901825384648096,40,SKU003,Warehouse C,Brand Z,763.844245101797,30
1579,Product A,Home,12,Supplier X,40.27921245718137,2.633173575156864,50,SKU003,Warehouse B,Brand Y,429.1528815767873,15
1580,Product B,Clothing,51,Supplier X,24.92037713566024,2.414472116809981,18,SKU002,Warehouse A,Brand Z,14.45943617048577,15
1581,Product B,Electronics,89,Supplier X,19.82892806557886,1.411142314229186,94,SKU002,Warehouse B,Brand Z,320.1432510267969,7
1582,Product B,Electronics,95,Supplier Y,46.92109260493849,3.172455546861281,72,SKU002,Warehouse C,Brand Z,531.491694815293,7
1583,Product C,Clothing,10,Supplier Z,25.52023443595157,2.207325191497934,2,SKU002,Warehouse C,Brand X,331.0083651134509,15
1584,Product C,Electronics,52,Supplier Z,23.37052501287324,3.643231771710114,37,SKU001,Warehouse A,Brand Y,119.9245737936209,7
1585,Product B,Electronics,34,Supplier X,33.62172009811715,2.276815743302123,69,SKU002,Warehouse A,Brand X,448.3373072932756,30
1586,Product B,Clothing,67,Supplier X,13.06171005091422,2.724653972539207,44,SKU002,Warehouse A,Brand Y,260.7202887960591,30
1587,Product B,Clothing,39,Supplier Z,16.23964353941579,1.20944149677763,70,SKU001,Warehouse A,Brand X,910.1400526968864,30
1588,Product C,Clothing,8,Supplier Y,46.60229181193113,4.97015227962191,40,SKU001,Warehouse B,Brand Y,110.7369832160056,30
1589,Product C,Electronics,96,Supplier Y,33.92649227184712,3.030441533100703,24,SKU001,Warehouse A,Brand Y,58.66110243746328,15
1590,Product A,Electronics,29,Supplier Y,41.33185738855028,1.096950376656691,88,SKU003,Warehouse B,Brand X,15.26102746331343,30
1591,Product A,Home,22,Supplier Y,13.55558809677148,3.164922635044576,49,SKU002,Warehouse C,Brand X,334.7889876408012,30
1592,Product B,Home,84,Supplier Y,27.1895094964936,4.481415997222599,0,SKU003,Warehouse C,Brand Z,663.7829698188797,30
1593,Product C,Clothing,70,Supplier Y,48.56981334947491,4.090208537064811,53,SKU001,Warehouse B,Brand Y,733.1096153529747,30
1594,Product C,Home,61,Supplier Y,15.93519495141088,3.803626736517816,85,SKU001,Warehouse B,Brand Y,458.7290665479059,7
1595,Product C,Electronics,43,Supplier Y,8.023823815852094,1.55785861839614,83,SKU001,Warehouse A,Brand Y,687.485363950714,30
1596,Product B,Home,49,Supplier Y,25.5443004112332,3.630948315949889,12,SKU001,Warehouse A,Brand Y,366.3148958532098,30
1597,Product A,Electronics,29,Supplier X,19.39105443624381,4.065193512049041,39,SKU003,Warehouse A,Brand Y,671.1281577867508,7
1598,Product B,Clothing,81,Supplier Y,7.978861639335677,3.289676255861986,20,SKU001,Warehouse C,Brand Z,50.19002544934967,7
1599,Product A,Clothing,31,Supplier X,44.4275691351684,4.570996018081406,86,SKU002,Warehouse B,Brand Z,396.8454547213341,15
1600,Product A,Electronics,53,Supplier Z,49.53619552768889,2.107959127139542,40,SKU002,Warehouse B,Brand Z,792.9411808568474,7
1601,Product B,Home,34,Supplier X,28.42910903449989,1.968578798957002,60,SKU002,Warehouse B,Brand Y,804.9759701544114,7
1602,Product A,Clothing,38,Supplier Z,38.7338384186727,4.478278979770584,32,SKU003,Warehouse B,Brand X,718.9872910869377,7
1603,Product A,Clothing,57,Supplier X,42.95191847731498,3.50159297196581,72,SKU001,Warehouse A,Brand X,212.1962343641658,30
1604,Product C,Home,4,Supplier Z,35.04910030109134,1.005788882083997,28,SKU003,Warehouse A,Brand Y,254.7330677413269,15
1605,Product A,Home,2,Supplier X,2.207802455586561,2.41252563404421,54,SKU002,Warehouse B,Brand Z,996.1278399918672,15
1606,Product B,Electronics,12,Supplier X,7.88171158584089,4.431423943258698,31,SKU001,Warehouse A,Brand X,112.3442271299403,30
1607,Product B,Home,35,Supplier Z,3.549459557569323,1.109278046566973,10,SKU003,Warehouse C,Brand X,188.8560719133853,15
1608,Product A,Home,70,Supplier Y,0.493980332102828,1.012991713046036,51,SKU001,Warehouse A,Brand Z,138.7259930936313,30
1609,Product C,Home,72,Supplier Y,15.29982043786183,2.125037162100519,35,SKU001,Warehouse C,Brand Y,334.3784140467794,7
1610,Product C,Electronics,21,Supplier Y,19.61779802407799,4.656000148037112,92,SKU003,Warehouse C,Brand Y,218.0740768815841,30
1611,Product A,Electronics,61,Supplier Y,12.05148661679629,4.605910325880066,30,SKU002,Warehouse B,Brand Y,502.7110799522944,30
1612,Product A,Clothing,35,Supplier Y,3.230232404316047,3.075047783206032,13,SKU003,Warehouse B,Brand Y,481.2604998113187,7
1613,Product B,Electronics,48,Supplier X,26.49315454183388,3.21294748455849,62,SKU003,Warehouse A,Brand Y,902.4905632567901,7
1614,Product A,Clothing,15,Supplier Y,13.66596599785708,2.328032045268755,51,SKU002,Warehouse B,Brand X,44.39254797033367,15
1615,Product C,Home,71,Supplier X,39.80185774317812,1.974946648111239,53,SKU003,Warehouse C,Brand Z,326.6807809010857,30
1616,Product A,Clothing,15,Supplier Z,0.4026310812640599,4.260887416848472,49,SKU001,Warehouse C,Brand X,600.6913130771193,7
1617,Product B,Clothing,6,Supplier Y,42.12635256438052,1.425179441998566,88,SKU002,Warehouse A,Brand X,608.7537442255242,15
1618,Product B,Home,81,Supplier Y,47.73768394729785,2.949417483514543,53,SKU003,Warehouse C,Brand X,485.3249667240671,30
1619,Product B,Clothing,68,Supplier Y,35.80675315767848,3.537589037988338,89,SKU001,Warehouse B,Brand Z,817.5088854064874,7
1620,Product B,Electronics,22,Supplier Y,36.68220326312833,1.414721161484117,85,SKU002,Warehouse A,Brand X,72.0949497003142,7
1621,Product B,Electronics,32,Supplier X,46.67811558013666,3.078428381889385,72,SKU003,Warehouse A,Brand X,817.3328879243345,30
1622,Product A,Electronics,22,Supplier X,10.45356426501746,3.310085151649773,96,SKU002,Warehouse A,Brand Y,499.8066980313466,7
1623,Product A,Electronics,27,Supplier X,49.72827841042884,3.969984242029459,86,SKU001,Warehouse B,Brand Z,142.4230881262322,30
1624,Product A,Clothing,15,Supplier Z,38.67406016892709,1.939344196590131,98,SKU001,Warehouse C,Brand Y,886.8448944050729,30
1625,Product A,Clothing,44,Supplier X,36.32853541638968,2.173310013163033,83,SKU002,Warehouse B,Brand Y,652.7364917455538,30
1626,Product B,Home,86,Supplier Y,18.05452894976464,3.278084586532134,96,SKU001,Warehouse A,Brand X,171.9102299558979,7
1627,Product C,Clothing,92,Supplier Z,27.28887427028053,4.932505639926457,34,SKU001,Warehouse C,Brand Y,43.31322616503634,7
1628,Product A,Clothing,9,Supplier Z,32.69588941366735,1.869972731280458,29,SKU002,Warehouse A,Brand X,149.6985518493228,30
1629,Product C,Clothing,34,Supplier Y,31.0171430658608,4.943615308493856,54,SKU002,Warehouse B,Brand Y,612.7099805785896,15
1630,Product A,Home,73,Supplier Y,35.24923192387904,3.857370132217925,93,SKU003,Warehouse A,Brand Z,187.503272907448,30
1631,Product A,Electronics,15,Supplier Y,4.119086953920531,4.304328278520092,85,SKU003,Warehouse B,Brand Z,233.5054441262778,30
1632,Product C,Clothing,62,Supplier Y,17.78242164158484,1.358565072945357,0,SKU002,Warehouse A,Brand Y,34.88832849875104,30
1633,Product B,Home,45,Supplier X,21.70000082977386,2.201680749722529,14,SKU001,Warehouse A,Brand X,725.7013655162176,15
1634,Product A,Home,84,Supplier Z,13.03146489374832,1.230945118603924,24,SKU001,Warehouse A,Brand X,812.2607557618427,7
1635,Product A,Home,72,Supplier Y,8.631363513461189,2.486187980012701,19,SKU002,Warehouse B,Brand X,798.8796950044019,7
1636,Product A,Electronics,58,Supplier X,6.946373995643141,4.925158639680207,70,SKU002,Warehouse B,Brand Y,136.2924698506414,30
1637,Product C,Clothing,92,Supplier Y,18.31916961282926,1.421092248825354,15,SKU002,Warehouse B,Brand X,904.2681161148718,30
1638,Product B,Home,19,Supplier X,24.67208502812829,3.249491129484798,51,SKU001,Warehouse B,Brand Y,675.5560411793392,7
1639,Product C,Electronics,16,Supplier Y,3.148822007333036,1.024282491255249,86,SKU003,Warehouse B,Brand Z,898.5533361530959,30
1640,Product C,Home,75,Supplier Y,47.32290472952748,3.850731264176251,84,SKU003,Warehouse C,Brand X,452.688899485357,7
1641,Product B,Home,8,Supplier Y,38.26216614303792,1.788770769488164,64,SKU001,Warehouse A,Brand Y,442.5853124728608,15
1642,Product C,Home,33,Supplier X,36.54258865927333,1.518338148499052,83,SKU003,Warehouse B,Brand X,786.6911534980463,30
1643,Product B,Home,74,Supplier Y,8.643026249436348,2.348071248643151,82,SKU002,Warehouse C,Brand Y,102.3648769219761,7
1644,Product A,Home,18,Supplier X,30.19003840060945,4.084177191755926,69,SKU002,Warehouse C,Brand X,525.6652962685368,7
1645,Product B,Electronics,35,Supplier X,26.48624734043337,1.426452345244843,95,SKU001,Warehouse A,Brand Z,838.0203932749134,15
1646,Product A,Clothing,43,Supplier Z,49.12344228933469,1.919355983194782,0,SKU001,Warehouse A,Brand Y,831.8906374388756,30
1647,Product C,Clothing,50,Supplier X,37.3835885040079,1.033857686469238,93,SKU002,Warehouse A,Brand Y,956.5715277789453,15
1648,Product C,Clothing,3,Supplier X,28.78809418581156,4.873659450782473,15,SKU002,Warehouse B,Brand Z,701.289867595241,7
1649,Product A,Clothing,91,Supplier X,42.54063332350611,3.368582399955455,26,SKU001,Warehouse A,Brand Z,215.6929231453311,7
1650,Product C,Electronics,59,Supplier X,7.754713543035474,3.879598545538798,17,SKU001,Warehouse A,Brand X,30.07751174563501,15
1651,Product B,Electronics,28,Supplier X,0.7608264845488599,3.605532684624058,76,SKU002,Warehouse A,Brand Y,484.6216406408309,15
1652,Product A,Electronics,46,Supplier Z,34.51166667072616,1.577458235478697,43,SKU002,Warehouse C,Brand Y,518.5668269663299,15
1653,Product C,Home,64,Supplier Y,4.915573011861873,3.379759755975976,49,SKU003,Warehouse B,Brand X,247.8599586539421,30
1654,Product A,Home,70,Supplier Z,5.77168199917546,1.525662380565048,91,SKU003,Warehouse A,Brand X,133.4504726523672,7
1655,Product B,Home,47,Supplier Z,37.23403632122653,2.604945815852512,73,SKU002,Warehouse C,Brand Y,590.3460845286039,30
1656,Product B,Clothing,14,Supplier Y,13.52674220669945,3.275852543701172,13,SKU001,Warehouse B,Brand Z,766.6131172838999,30
1657,Product C,Home,7,Supplier X,31.43156077844464,3.235524456408624,51,SKU003,Warehouse A,Brand X,993.222562554259,15
1658,Product B,Clothing,74,Supplier Y,45.87034630463742,1.476293703930964,92,SKU003,Warehouse C,Brand Y,760.7195910384133,30
1659,Product A,Home,79,Supplier X,15.82372658189292,1.137743878586089,74,SKU002,Warehouse B,Brand X,795.6960901130251,30
1660,Product B,Clothing,31,Supplier Y,10.85720789199594,4.192937255495256,49,SKU001,Warehouse A,Brand Z,620.2962694465095,15
1661,Product A,Home,93,Supplier Z,5.328144187052586,3.903689747984021,90,SKU001,Warehouse A,Brand Y,986.0634323803175,15
1662,Product A,Home,81,Supplier X,6.523118070986306,1.327275618258952,16,SKU002,Warehouse C,Brand Y,643.5568212634247,15
1663,Product B,Electronics,51,Supplier Z,3.111134768942136,1.509662075206214,2,SKU001,Warehouse A,Brand Y,861.6507535357073,7
1664,Product C,Home,29,Supplier X,4.382118941487007,4.570335105558481,61,SKU002,Warehouse C,Brand Z,946.3267997785462,7
1665,Product B,Home,15,Supplier Y,21.6002294404577,4.07651560648712,94,SKU001,Warehouse C,Brand X,930.5599154955554,30
1666,Product A,Electronics,90,Supplier Y,16.04325225119848,4.984641184866696,20,SKU002,Warehouse C,Brand Z,387.6011903455229,30
1667,Product A,Clothing,76,Supplier Y,35.3280407161499,2.015949796820087,32,SKU001,Warehouse B,Brand Z,87.87543773111607,7
1668,Product B,Electronics,25,Supplier Y,43.5120829123501,2.95121195547526,0,SKU002,Warehouse C,Brand Z,180.1549655138544,30
1669,Product C,Electronics,61,Supplier Y,39.23866015711921,1.945838304249423,69,SKU002,Warehouse B,Brand Y,68.6310723426414,15
1670,Product C,Clothing,41,Supplier Z,26.53186283328261,3.491200553909239,55,SKU001,Warehouse A,Brand Z,114.3429654808486,7
1671,Product A,Home,69,Supplier Z,5.122105811632672,1.461656956365272,3,SKU002,Warehouse B,Brand Y,192.8047334347607,30
1672,Product A,Clothing,4,Supplier X,35.48836419707768,1.508972690972132,21,SKU003,Warehouse C,Brand Y,347.6833734215277,30
1673,Product C,Home,57,Supplier Z,18.14143623634368,1.287551565620491,76,SKU001,Warehouse A,Brand X,548.104250109325,30
1674,Product B,Home,31,Supplier X,4.282519695770509,3.774344329056668,57,SKU002,Warehouse C,Brand X,714.5652387615352,7
1675,Product A,Clothing,3,Supplier X,42.12332036063128,2.976290309732827,43,SKU001,Warehouse C,Brand Z,218.8180627454468,7
1676,Product A,Electronics,67,Supplier Z,16.91082585912528,3.47092486541852,56,SKU001,Warehouse A,Brand Y,675.797180195758,7
1677,Product C,Clothing,90,Supplier Z,10.91244162557857,4.517204186357436,93,SKU002,Warehouse C,Brand Y,707.2164837573954,15
1678,Product B,Home,50,Supplier X,43.57260323094216,3.961313939021434,39,SKU003,Warehouse B,Brand X,563.0361134975276,30
1679,Product C,Clothing,17,Supplier Z,45.10669342235025,2.846891672666764,89,SKU001,Warehouse A,Brand Y,904.5816911007236,30
1680,Product B,Clothing,60,Supplier Z,16.94854185957799,4.937423953576905,55,SKU003,Warehouse A,Brand Z,119.8848657825925,15
1681,Product B,Home,74,Supplier Z,17.74007096406867,2.825024404567893,62,SKU003,Warehouse A,Brand Y,185.3502430263953,7
1682,Product B,Electronics,66,Supplier Y,28.98142637915721,1.449802692934133,38,SKU002,Warehouse C,Brand Z,434.37817614559,7
1683,Product A,Clothing,88,Supplier Y,36.67207469053291,4.970618989010864,6,SKU002,Warehouse C,Brand X,135.4456078818965,7
1684,Product C,Home,75,Supplier X,3.157460095343173,1.091282920059389,13,SKU001,Warehouse A,Brand X,570.6331822868466,15
1685,Product C,Home,24,Supplier Z,29.66718285942359,3.199534237951009,89,SKU002,Warehouse B,Brand Y,404.4164619433301,30
1686,Product B,Clothing,99,Supplier X,47.64100308917908,2.236381954798837,17,SKU001,Warehouse C,Brand Y,291.7498365905593,15
1687,Product A,Electronics,87,Supplier Z,13.10469485899768,3.014208604067939,54,SKU001,Warehouse C,Brand X,178.2899148874609,30
1688,Product A,Clothing,32,Supplier Y,45.44136070484669,3.234851810378086,55,SKU003,Warehouse C,Brand Z,341.9848559647282,30
1689,Product C,Electronics,87,Supplier Z,47.50841703815468,1.96038358511395,87,SKU002,Warehouse B,Brand Z,611.8797573240186,30
1690,Product A,Electronics,98,Supplier Z,13.45768204855449,3.227435022949047,56,SKU002,Warehouse C,Brand Z,580.0273587805175,15
1691,Product A,Electronics,19,Supplier Z,37.71009329426753,4.02424444802215,57,SKU001,Warehouse C,Brand X,171.9877602081315,7
1692,Product B,Electronics,66,Supplier Y,11.938750415978,2.066039348975993,24,SKU003,Warehouse B,Brand X,133.6706126332271,7
1693,Product A,Clothing,60,Supplier Y,36.88055808660663,2.533704533255628,95,SKU002,Warehouse B,Brand X,36.4099949827838,15
1694,Product B,Home,66,Supplier Y,39.87099856444129,2.072970772656232,69,SKU003,Warehouse C,Brand Y,22.30133785599294,30
1695,Product C,Home,15,Supplier X,12.36028518553247,4.28223892395281,79,SKU003,Warehouse A,Brand X,881.0123313624883,15
1696,Product A,Home,85,Supplier Z,35.79347717916175,3.899929036838387,2,SKU001,Warehouse A,Brand Z,54.63796744533602,7
1697,Product C,Home,35,Supplier Y,40.60522694320449,4.484785748873629,20,SKU002,Warehouse B,Brand Z,733.9088987745138,15
1698,Product C,Home,69,Supplier X,17.92894360534559,1.680199571606637,31,SKU002,Warehouse C,Brand X,873.2652452825074,30
1699,Product A,Home,27,Supplier Y,8.385138799486347,1.294318552639006,1,SKU002,Warehouse B,Brand X,107.077270076833,7
1700,Product A,Clothing,88,Supplier Z,4.598228365875679,1.477534015434693,19,SKU003,Warehouse B,Brand Z,441.9384095946875,30
1701,Product C,Electronics,7,Supplier X,28.76908518049709,1.644073331296946,74,SKU002,Warehouse A,Brand X,962.6799533425338,15
1702,Product A,Home,6,Supplier Y,48.90490596578566,3.132330642699209,17,SKU001,Warehouse B,Brand Y,835.7972739183492,30
1703,Product B,Clothing,33,Supplier Y,41.14751600111081,4.883648281451059,53,SKU003,Warehouse B,Brand X,494.8069915392765,15
1704,Product B,Home,58,Supplier X,21.79198194672764,2.428941666467128,74,SKU002,Warehouse C,Brand Z,764.9454016636373,7
1705,Product A,Home,49,Supplier X,26.83104514274793,4.834033077440821,98,SKU003,Warehouse C,Brand Z,835.0438481873472,7
1706,Product C,Electronics,17,Supplier X,13.97639427059095,1.152803179956719,35,SKU003,Warehouse B,Brand X,354.5466935568321,7
1707,Product A,Electronics,42,Supplier X,8.153293368003178,4.707488811258633,75,SKU003,Warehouse B,Brand Z,893.2313877012613,30
1708,Product A,Electronics,94,Supplier X,24.10405791161366,1.724610429219885,60,SKU001,Warehouse C,Brand X,475.7685864803852,15
1709,Product C,Home,72,Supplier Y,23.17507830835926,4.649899942877395,59,SKU002,Warehouse A,Brand Z,532.5292899232417,15
1710,Product C,Home,40,Supplier X,26.09649764018801,1.224909720461845,94,SKU002,Warehouse C,Brand Z,999.7105614436127,15
1711,Product B,Home,46,Supplier X,47.64022927819704,4.79287778998013,35,SKU003,Warehouse C,Brand Z,844.8699364906397,30
1712,Product C,Electronics,71,Supplier Z,30.19476500723861,1.803193057275443,93,SKU002,Warehouse C,Brand X,368.1523057152502,15
1713,Product B,Clothing,70,Supplier Y,30.28859183111869,2.210856240292643,43,SKU003,Warehouse C,Brand X,20.24214050797295,7
1714,Product C,Home,68,Supplier Z,6.401238143053839,2.963769376411832,67,SKU003,Warehouse C,Brand X,629.9123330559557,15
1715,Product A,Home,1,Supplier Y,49.82444330884102,2.522883524941901,65,SKU003,Warehouse A,Brand Y,706.8742918668268,30
1716,Product B,Home,79,Supplier Y,38.64224721173343,3.6701118770526,43,SKU001,Warehouse C,Brand Y,654.2946632419458,7
1717,Product B,Clothing,95,Supplier Y,43.86016720470024,4.89923106900031,76,SKU002,Warehouse C,Brand Y,968.183727651581,7
1718,Product B,Home,89,Supplier X,20.7150205915497,3.425705963219763,89,SKU003,Warehouse A,Brand Z,864.3413170588228,30
1719,Product A,Clothing,97,Supplier Z,25.10640478928125,3.885941637746197,28,SKU002,Warehouse B,Brand Z,454.343376248842,7
1720,Product A,Home,52,Supplier Y,26.10419045811382,1.352021001222806,47,SKU001,Warehouse A,Brand X,72.22891259765714,15
1721,Product A,Clothing,35,Supplier Y,9.704726964480258,3.511249716280021,35,SKU001,Warehouse C,Brand Z,481.2981818069769,30
1722,Product A,Home,69,Supplier Y,34.47445781634786,2.815399108185653,91,SKU003,Warehouse B,Brand Y,692.3515797624029,15
1723,Product A,Electronics,5,Supplier Z,45.14883618087283,4.543129431678514,7,SKU001,Warehouse A,Brand Y,611.6327101447346,30
1724,Product B,Electronics,17,Supplier Y,8.185290906920951,2.552844398572408,4,SKU001,Warehouse B,Brand X,542.7556970337761,30
1725,Product A,Electronics,53,Supplier Z,4.315913674308225,3.717816576199676,95,SKU001,Warehouse A,Brand Z,474.1307684350889,30
1726,Product B,Electronics,52,Supplier Z,36.91094527701711,1.912614913036316,93,SKU001,Warehouse A,Brand Z,300.8242542971125,15
1727,Product A,Home,14,Supplier X,13.6600915836491,2.037490134096784,77,SKU001,Warehouse B,Brand Y,284.5732941073829,30
1728,Product C,Electronics,29,Supplier Y,31.19312708086647,2.504489723689094,46,SKU001,Warehouse B,Brand X,505.2291641365439,7
1729,Product B,Clothing,8,Supplier Y,34.78791689960904,2.216254150026011,42,SKU002,Warehouse B,Brand Y,168.9971149653525,15
1730,Product C,Electronics,98,Supplier Z,16.09553817909109,2.015515357560299,9,SKU001,Warehouse B,Brand Z,347.2785693390535,30
1731,Product B,Electronics,1,Supplier Z,40.75722987128922,1.198674823603237,9,SKU002,Warehouse C,Brand Y,330.7394819629986,30
1732,Product C,Electronics,29,Supplier X,27.49944910571084,4.346985327009836,5,SKU003,Warehouse A,Brand Y,591.2614735683588,15
1733,Product A,Home,36,Supplier Y,43.44997039759014,1.257206123565137,15,SKU001,Warehouse C,Brand Z,76.01547735939434,7
1734,Product A,Electronics,51,Supplier Z,38.16467762794738,4.54946206241187,59,SKU001,Warehouse A,Brand Z,831.3719934624442,7
1735,Product A,Clothing,37,Supplier Y,43.42878160187269,1.501861556272241,25,SKU002,Warehouse C,Brand Z,566.7545965805581,30
1736,Product B,Electronics,93,Supplier Y,1.008069105894704,1.261046948250636,20,SKU001,Warehouse C,Brand Y,674.118413968176,30
1737,Product C,Electronics,69,Supplier Y,12.17531303692974,3.252019055922788,99,SKU002,Warehouse A,Brand Y,706.0629647218385,7
1738,Product A,Electronics,53,Supplier Z,4.500397022296932,3.009767170298887,57,SKU002,Warehouse C,Brand Y,298.5692954741111,30
1739,Product C,Clothing,96,Supplier Y,22.10415085946746,2.96493827532754,40,SKU001,Warehouse B,Brand X,475.6678517110179,7
1740,Product C,Electronics,52,Supplier Z,44.49800608076591,3.298017310005591,29,SKU003,Warehouse B,Brand X,956.6834963109706,7
1741,Product A,Clothing,88,Supplier X,23.37701311334346,2.148226424476623,4,SKU003,Warehouse C,Brand Z,769.0381856168467,7
1742,Product A,Clothing,83,Supplier X,42.48565222901971,3.651797093718445,9,SKU003,Warehouse C,Brand X,969.8613064709535,7
1743,Product C,Electronics,12,Supplier Z,16.35891190096589,3.009608878828733,94,SKU002,Warehouse A,Brand Z,748.7918016948254,30
1744,Product A,Clothing,52,Supplier Y,16.97850364026262,2.338973867829301,10,SKU002,Warehouse A,Brand Y,183.8441383114322,15
1745,Product A,Home,1,Supplier X,44.77808651634388,4.306002667922913,62,SKU001,Warehouse C,Brand Z,73.89052500622947,15
1746,Product A,Electronics,7,Supplier X,21.29085732558508,3.91088438530684,6,SKU002,Warehouse A,Brand Y,581.884822352467,7
1747,Product B,Electronics,17,Supplier Z,39.48827438973332,2.574441367778488,58,SKU003,Warehouse B,Brand Z,364.2351469055835,30
1748,Product C,Clothing,98,Supplier Z,11.83217739409507,4.390471140915491,11,SKU001,Warehouse B,Brand X,282.7033310367885,15
1749,Product C,Clothing,43,Supplier Z,47.44004148388177,4.681033000447097,63,SKU003,Warehouse B,Brand Y,809.1388864611633,15
1750,Product B,Electronics,71,Supplier Z,28.72891232652855,3.14746506833745,40,SKU001,Warehouse A,Brand Y,373.3233344111279,7
1751,Product C,Home,17,Supplier Z,37.9661784289201,1.859809800627683,59,SKU003,Warehouse A,Brand Y,323.8309600369609,7
1752,Product A,Clothing,59,Supplier Z,4.475784989744275,4.663168626187947,71,SKU001,Warehouse A,Brand X,851.4877172373203,30
1753,Product C,Clothing,3,Supplier Z,24.63321129152644,1.757918480382069,27,SKU003,Warehouse A,Brand X,847.8244631215955,15
1754,Product A,Home,29,Supplier Y,45.05192488670116,1.193692905669077,79,SKU002,Warehouse C,Brand X,362.802971377506,7
1755,Product B,Home,22,Supplier Y,43.85193145216522,2.309948035492523,62,SKU003,Warehouse C,Brand Y,834.1737139761066,7
1756,Product A,Electronics,38,Supplier Y,2.340697861711377,3.907865377844159,2,SKU001,Warehouse C,Brand Z,852.2707054293339,30
1757,Product C,Home,54,Supplier Y,15.18492345644734,4.693096345414197,31,SKU003,Warehouse C,Brand Z,429.6912296793696,7
1758,Product C,Electronics,93,Supplier X,22.16600032395401,3.54914258725776,20,SKU002,Warehouse B,Brand X,75.80839890707985,7
1759,Product C,Home,50,Supplier Y,8.613240717789411,4.80735418786664,54,SKU001,Warehouse A,Brand Z,11.5687980216767,7
1760,Product B,Clothing,69,Supplier X,36.49991554949852,1.369483357103586,17,SKU002,Warehouse B,Brand Y,528.059538260105,7
1761,Product B,Electronics,30,Supplier X,9.225599779935578,1.24301491835208,52,SKU003,Warehouse A,Brand Y,350.6347384366521,7
1762,Product C,Electronics,23,Supplier X,17.33198471849431,3.416767802974656,74,SKU001,Warehouse C,Brand X,997.1605752167824,30
1763,Product A,Electronics,85,Supplier Z,33.16403184289091,4.864465289971019,60,SKU003,Warehouse B,Brand X,774.6868896310114,7
1764,Product B,Home,90,Supplier X,24.104467226224,3.010885235818896,49,SKU001,Warehouse A,Brand Z,763.6627017869083,15
1765,Product C,Clothing,47,Supplier X,36.92855193174469,1.206060903757221,7,SKU002,Warehouse C,Brand Z,955.6903406044702,7
1766,Product C,Electronics,21,Supplier X,48.06039506114298,1.884874624309825,11,SKU002,Warehouse A,Brand Z,888.8471539143876,7
1767,Product B,Electronics,20,Supplier Z,5.827334385759874,1.979171625663083,50,SKU002,Warehouse A,Brand X,325.0056046618248,15
1768,Product B,Electronics,23,Supplier Y,35.47838581990305,2.3514285165478,65,SKU003,Warehouse C,Brand X,174.3273493878376,15
1769,Product B,Electronics,68,Supplier Y,11.51720778160573,1.174413534344851,40,SKU001,Warehouse B,Brand X,748.4333424148274,7
1770,Product A,Clothing,21,Supplier X,20.72383637037846,4.619570801991665,21,SKU002,Warehouse A,Brand Y,384.4911547460443,30
1771,Product A,Home,21,Supplier X,1.643136289756991,3.062255778885981,8,SKU003,Warehouse C,Brand Z,478.4409251146469,15
1772,Product C,Clothing,1,Supplier Y,6.795369114634947,3.683723171816436,77,SKU003,Warehouse A,Brand X,634.0937539620786,30
1773,Product B,Electronics,15,Supplier Y,15.98886445244498,1.268691347580036,78,SKU001,Warehouse A,Brand X,908.7939501658882,7
1774,Product A,Clothing,17,Supplier Y,17.09929026439925,1.216461871214598,10,SKU002,Warehouse A,Brand X,424.8968761342563,7
1775,Product B,Electronics,51,Supplier Y,44.97926082310479,3.345871088162189,12,SKU003,Warehouse B,Brand Z,785.4837213171677,15
1776,Product C,Home,63,Supplier X,37.09064546332576,4.549184042016832,55,SKU002,Warehouse B,Brand Z,275.6563933619109,15
1777,Product A,Home,14,Supplier X,48.60914840935205,3.113928003838188,27,SKU001,Warehouse B,Brand Y,700.9920730143775,30
1778,Product A,Home,59,Supplier X,29.95357551676203,4.511276690280286,88,SKU002,Warehouse B,Brand Y,11.56362686713275,7
1779,Product A,Electronics,83,Supplier Y,12.0856866045659,4.243965092220957,63,SKU002,Warehouse C,Brand Y,872.7921413557284,15
1780,Product C,Clothing,50,Supplier Z,16.38275149608214,1.303415143179683,63,SKU003,Warehouse B,Brand Y,40.07578415491787,15
1781,Product B,Home,34,Supplier Y,15.99179616459835,1.80782989754276,69,SKU003,Warehouse A,Brand X,715.6262172149584,15
1782,Product A,Electronics,6,Supplier Y,16.32471638316258,3.63084267662137,54,SKU001,Warehouse C,Brand Y,55.79560736867105,30
1783,Product C,Electronics,49,Supplier Z,33.64820865559079,2.774005530200166,36,SKU001,Warehouse A,Brand X,273.5832424000634,7
1784,Product B,Clothing,6,Supplier Z,26.54039640452081,2.162799254587682,32,SKU001,Warehouse B,Brand X,502.2303795209876,15
1785,Product C,Home,69,Supplier Y,19.27120890433222,2.674535424191916,24,SKU003,Warehouse A,Brand Z,425.7392984947558,15
1786,Product B,Electronics,7,Supplier Z,7.45448843643583,2.780798585082537,22,SKU001,Warehouse A,Brand X,199.9177534550005,15
1787,Product C,Clothing,97,Supplier Z,1.106958147107295,4.642209003286386,59,SKU001,Warehouse A,Brand Z,340.476762592145,7
1788,Product B,Home,77,Supplier Z,10.94173387938463,1.413833134819812,55,SKU003,Warehouse A,Brand Y,730.4293063603574,30
1789,Product A,Clothing,51,Supplier Y,5.373570198434063,2.11892298723046,62,SKU001,Warehouse B,Brand Y,672.5645216538518,30
1790,Product B,Clothing,1,Supplier Y,39.27225154261197,3.150259266330856,7,SKU003,Warehouse A,Brand Z,81.09643792627654,7
1791,Product C,Electronics,13,Supplier Z,5.624897890694269,3.793147706522367,16,SKU001,Warehouse A,Brand Z,749.8426673171575,30
1792,Product C,Electronics,43,Supplier X,36.21141186534181,3.522549155836975,94,SKU003,Warehouse A,Brand Y,62.51542238505807,30
1793,Product B,Electronics,27,Supplier Z,19.28293448880413,4.766570950949578,89,SKU002,Warehouse A,Brand X,547.4971252087865,15
1794,Product A,Clothing,71,Supplier Z,3.668919487188798,4.182435699277892,56,SKU003,Warehouse B,Brand X,267.4621205617688,30
1795,Product A,Electronics,3,Supplier Y,40.63650247157929,3.228307367897721,74,SKU003,Warehouse A,Brand Z,591.8132262842207,15
1796,Product B,Clothing,58,Supplier X,28.98152851183067,1.85873076669403,61,SKU003,Warehouse C,Brand X,268.7151119814928,30
1797,Product B,Clothing,89,Supplier Z,11.78807564317865,2.803496925608959,93,SKU001,Warehouse C,Brand X,985.1083899295727,15
1798,Product C,Electronics,97,Supplier X,44.7340587166334,3.773528976777909,10,SKU003,Warehouse A,Brand Y,316.6309018902566,7
1799,Product A,Home,17,Supplier Y,2.262915693527573,4.351848699344339,66,SKU003,Warehouse A,Brand Z,249.541029317751,7
1800,Product B,Home,45,Supplier X,10.09098040988814,4.838944897689549,39,SKU001,Warehouse B,Brand Y,285.6806380061925,30
1801,Product A,Home,78,Supplier Y,37.60234639029305,3.421811064551671,39,SKU002,Warehouse C,Brand X,897.5081286867024,15
1802,Product B,Clothing,58,Supplier Z,35.46889651549446,3.10767746921773,55,SKU003,Warehouse B,Brand X,639.8566403826513,7
1803,Product B,Clothing,56,Supplier Y,14.4635846862239,1.070767692484593,52,SKU001,Warehouse A,Brand Y,733.3772564465687,7
1804,Product A,Clothing,54,Supplier X,3.101243767639156,1.28839627660072,84,SKU002,Warehouse C,Brand X,918.8304049934069,30
1805,Product B,Electronics,87,Supplier X,42.90390361124719,1.624419990549601,98,SKU003,Warehouse C,Brand X,912.7537599965574,15
1806,Product B,Clothing,88,Supplier X,15.68488190349513,1.219039724758512,27,SKU002,Warehouse B,Brand Y,741.5563881129402,15
1807,Product C,Electronics,29,Supplier Z,9.785670746413262,2.603452955219706,85,SKU003,Warehouse A,Brand X,205.8461845529097,7
1808,Product B,Electronics,54,Supplier X,25.80309111804885,2.347514180555489,41,SKU003,Warehouse C,Brand Y,844.9395874682555,30
1809,Product B,Home,27,Supplier X,45.51135996412236,3.549416631473572,45,SKU002,Warehouse B,Brand Z,211.7382738491531,7
1810,Product B,Home,45,Supplier X,2.177328892168767,3.142660431733611,17,SKU002,Warehouse C,Brand X,745.4698259574476,7
1811,Product C,Home,87,Supplier Y,38.29020440154439,3.383883037551439,22,SKU002,Warehouse A,Brand X,688.7470358794257,30
1812,Product A,Electronics,31,Supplier X,28.62366139693545,2.887908811750616,25,SKU003,Warehouse A,Brand Y,761.2999616390422,30
1813,Product C,Electronics,36,Supplier Y,21.27245582759085,2.110948594217029,98,SKU003,Warehouse A,Brand Z,537.3588239066776,30
1814,Product C,Electronics,81,Supplier X,37.204022205253,4.811301259785909,28,SKU001,Warehouse B,Brand X,642.3389204267274,15
1815,Product A,Clothing,61,Supplier Y,48.29122122208162,1.345636639040556,51,SKU001,Warehouse A,Brand X,953.7868796299127,30
1816,Product C,Electronics,37,Supplier Y,11.46031055813455,4.755563997861229,74,SKU001,Warehouse B,Brand Z,110.0777082324727,30
1817,Product A,Home,67,Supplier Z,7.182368253605981,2.244952187458939,45,SKU003,Warehouse C,Brand X,315.7588020338038,7
1818,Product C,Home,36,Supplier Z,45.64408726113485,3.05064578146919,0,SKU002,Warehouse A,Brand Y,615.2434429673986,30
1819,Product A,Electronics,5,Supplier Y,33.44765387286518,1.435369291310185,62,SKU001,Warehouse B,Brand Z,964.4135888301745,30
1820,Product B,Electronics,46,Supplier Y,21.8993010780983,1.283724273484037,15,SKU003,Warehouse B,Brand Z,104.6187031859751,7
1821,Product C,Home,79,Supplier Z,28.66297851321416,2.718181794874412,24,SKU002,Warehouse B,Brand X,32.32372931478557,15
1822,Product C,Electronics,52,Supplier Y,37.2806952588122,3.966789505518713,61,SKU001,Warehouse A,Brand Z,65.19210248562473,30
1823,Product C,Home,49,Supplier Z,38.65159493528586,2.077459110194196,81,SKU002,Warehouse B,Brand Z,61.88162959658682,7
1824,Product C,Clothing,6,Supplier Z,45.99470904094823,3.24939155574128,79,SKU002,Warehouse A,Brand Z,908.7376991996304,15
1825,Product B,Home,10,Supplier X,21.34213944478113,2.114601362091273,82,SKU001,Warehouse A,Brand X,724.0453288544865,15
1826,Product C,Clothing,96,Supplier X,14.67054550096975,2.554452243572163,15,SKU001,Warehouse C,Brand Z,680.3353025343155,30
1827,Product B,Electronics,23,Supplier Z,31.9832133394921,4.625785273895299,68,SKU003,Warehouse C,Brand X,527.3470920591914,15
1828,Product B,Electronics,17,Supplier Z,20.78639496397652,4.423358501979678,90,SKU002,Warehouse A,Brand Z,784.1330908024304,30
1829,Product B,Clothing,84,Supplier Y,29.7299226974489,3.064070173670519,69,SKU001,Warehouse C,Brand Y,164.0915128339749,15
1830,Product B,Electronics,44,Supplier Z,20.99928992279751,1.952422509888315,33,SKU001,Warehouse B,Brand Z,398.021777890553,15
1831,Product A,Clothing,41,Supplier Z,7.649789333908724,1.772735650932091,79,SKU002,Warehouse A,Brand Z,495.1042082567001,15
1832,Product A,Electronics,15,Supplier X,23.47133758294792,4.816349412142857,52,SKU002,Warehouse C,Brand Z,119.305402699959,30
1833,Product C,Home,44,Supplier Z,34.54589109705164,1.81086638604275,22,SKU002,Warehouse B,Brand Y,425.3185722441418,15
1834,Product A,Electronics,58,Supplier Y,39.96419038338249,4.232673243650156,42,SKU001,Warehouse A,Brand Z,323.3367614699941,7
1835,Product A,Home,86,Supplier Z,24.66631383982734,2.475880838142149,43,SKU001,Warehouse B,Brand Y,45.22632433552801,7
1836,Product C,Home,50,Supplier X,8.261894510520046,4.942639390232953,31,SKU003,Warehouse A,Brand Y,145.3680487019429,15
1837,Product C,Clothing,52,Supplier X,20.73438548247158,2.472622961451151,22,SKU002,Warehouse C,Brand Y,766.3964549357971,30
1838,Product C,Electronics,70,Supplier X,39.31469644208491,2.406066499642904,19,SKU001,Warehouse B,Brand X,27.85753040959801,7
1839,Product A,Clothing,68,Supplier X,20.64296353085364,3.549854515510492,18,SKU001,Warehouse C,Brand X,934.9107661053976,15
1840,Product A,Electronics,63,Supplier Z,34.82653968021111,4.846067226507277,92,SKU002,Warehouse B,Brand Y,95.56038612276504,7
1841,Product C,Home,58,Supplier Y,25.36068408390449,4.904838423185732,71,SKU001,Warehouse B,Brand X,801.2457132614236,7
1842,Product B,Home,23,Supplier Y,12.06115625546983,3.828824585867941,28,SKU002,Warehouse B,Brand Y,899.630375534036,7
1843,Product C,Electronics,44,Supplier Y,39.80752540115372,4.018425462545414,17,SKU001,Warehouse B,Brand X,941.7242290019426,7
1844,Product B,Electronics,83,Supplier Z,4.210672703534351,3.253608703892111,68,SKU002,Warehouse C,Brand X,868.8022532610129,7
1845,Product B,Clothing,95,Supplier Z,26.24451413775753,4.023102956529327,11,SKU002,Warehouse B,Brand Z,294.6745390311888,15
1846,Product C,Electronics,44,Supplier Z,10.44455171217025,4.439118619881986,9,SKU001,Warehouse C,Brand X,339.7562600250922,7
1847,Product C,Electronics,52,Supplier Y,3.353281427068783,2.944381212780093,36,SKU002,Warehouse B,Brand X,432.2802416239752,15
1848,Product C,Electronics,67,Supplier Z,25.14669685416244,3.479449051320412,80,SKU003,Warehouse A,Brand Z,147.9037225130298,7
1849,Product A,Clothing,28,Supplier Z,24.97810779674618,3.149266780932191,95,SKU003,Warehouse A,Brand Y,32.04973051655162,30
1850,Product B,Electronics,67,Supplier X,35.34504508378604,3.249882454114709,54,SKU002,Warehouse B,Brand Z,870.4303981382243,15
1851,Product A,Home,78,Supplier X,37.23753465259524,4.560191639495764,3,SKU003,Warehouse A,Brand X,558.5874290483517,30
1852,Product A,Clothing,18,Supplier Y,36.38957443464484,2.422467320822281,94,SKU001,Warehouse B,Brand X,612.6357127564341,30
1853,Product C,Clothing,27,Supplier X,20.47793664583775,1.832736102402497,62,SKU001,Warehouse C,Brand Y,927.7185900696173,7
1854,Product A,Home,51,Supplier X,31.58448936132813,2.825120441094517,89,SKU002,Warehouse A,Brand X,668.4689763324795,7
1855,Product C,Home,60,Supplier X,28.84726213219801,1.832340761925061,11,SKU001,Warehouse B,Brand Z,693.9449692964153,7
1856,Product B,Home,74,Supplier Z,21.07808780584598,2.993601702648077,17,SKU001,Warehouse B,Brand Y,789.0989619523748,7
1857,Product C,Electronics,49,Supplier X,29.86063470929966,4.614032421428234,7,SKU003,Warehouse C,Brand Z,125.1849653588297,7
1858,Product A,Home,15,Supplier X,47.36239383531313,3.469734081929911,31,SKU001,Warehouse C,Brand X,366.5605316816536,30
1859,Product A,Electronics,83,Supplier X,9.644687184068868,4.421731413212311,83,SKU001,Warehouse B,Brand Y,968.5258484263326,30
1860,Product C,Clothing,73,Supplier Z,45.28860478927631,1.664763678462047,48,SKU003,Warehouse B,Brand X,923.7007773196005,7
1861,Product C,Clothing,68,Supplier Y,2.672775699159918,4.603494370148708,62,SKU002,Warehouse B,Brand X,885.2345433470829,7
1862,Product A,Home,15,Supplier Z,15.41946064508303,3.407148657628463,76,SKU002,Warehouse B,Brand Z,457.5676252355827,15
1863,Product B,Electronics,51,Supplier Z,14.40726243057641,1.127039154961919,58,SKU003,Warehouse B,Brand X,858.6210240509376,15
1864,Product B,Home,48,Supplier X,31.31825539404528,3.532475821140147,86,SKU003,Warehouse B,Brand Z,57.91192312630795,30
1865,Product C,Home,72,Supplier Y,6.561247588864516,4.805587825043672,66,SKU001,Warehouse C,Brand X,157.0322500145463,30
1866,Product B,Electronics,1,Supplier X,44.11738059198769,1.316668001901448,98,SKU001,Warehouse A,Brand Z,419.8280214992136,30
1867,Product A,Home,7,Supplier X,41.42757042325206,3.329824521878288,38,SKU002,Warehouse B,Brand Z,488.5581460153052,7
1868,Product C,Clothing,53,Supplier Y,32.60329098426389,4.661914411478859,49,SKU002,Warehouse B,Brand Y,270.8720819856483,30
1869,Product A,Home,31,Supplier Y,22.92069158960989,1.038780673337498,84,SKU003,Warehouse C,Brand Y,362.9119041393096,30
1870,Product A,Electronics,18,Supplier Z,46.64780210710392,3.523651705863293,70,SKU001,Warehouse A,Brand X,171.1483400151151,30
1871,Product B,Electronics,12,Supplier Y,41.5373277360278,2.899609167323851,25,SKU003,Warehouse C,Brand X,494.2426913987481,15
1872,Product C,Clothing,48,Supplier Z,24.96575740406224,2.387957274594442,22,SKU002,Warehouse C,Brand Y,795.9048599391826,30
1873,Product C,Electronics,30,Supplier Z,35.09366772271556,3.510145959781504,95,SKU002,Warehouse B,Brand Z,664.7467897246927,30
1874,Product B,Electronics,97,Supplier X,28.34649760898423,1.210808378349668,62,SKU003,Warehouse B,Brand Z,116.7143248918859,15
1875,Product A,Clothing,7,Supplier X,29.39711191941323,4.012252185149601,65,SKU001,Warehouse C,Brand Y,492.7057873627489,30
1876,Product A,Home,92,Supplier X,16.54880347187356,1.017917907678831,38,SKU001,Warehouse B,Brand Y,700.6699189519277,7
1877,Product A,Clothing,3,Supplier Y,23.10423023124484,2.227742975169409,65,SKU003,Warehouse B,Brand X,534.5963435884017,15
1878,Product A,Home,63,Supplier Y,3.90607153948721,3.015834550738714,45,SKU002,Warehouse B,Brand Z,397.7588405701935,30
1879,Product C,Clothing,6,Supplier Z,17.86743458322962,2.508089002266207,14,SKU003,Warehouse A,Brand Y,625.6952770710394,15
1880,Product C,Home,95,Supplier Z,34.7914257681076,2.22990374082233,15,SKU003,Warehouse A,Brand Z,968.9522786472728,30
1881,Product B,Clothing,15,Supplier Z,47.66080152530932,4.323340581872385,89,SKU001,Warehouse B,Brand Z,103.9588306684172,30
1882,Product B,Home,71,Supplier Y,48.15320563815101,4.739330297087635,71,SKU002,Warehouse C,Brand Y,396.115900140085,15
1883,Product C,Clothing,43,Supplier Z,27.78614345624458,4.494850739623555,15,SKU002,Warehouse A,Brand Z,412.5397945156347,7
1884,Product C,Home,94,Supplier Z,30.3311125904791,3.089725252199999,84,SKU001,Warehouse C,Brand X,581.1976373636874,15
1885,Product A,Clothing,91,Supplier Y,9.286059275048375,4.536656700773932,38,SKU002,Warehouse B,Brand Y,160.6528558630987,7
1886,Product A,Electronics,81,Supplier X,34.76540540467654,4.683446260726175,10,SKU002,Warehouse C,Brand Z,184.8765995717648,7
1887,Product B,Home,18,Supplier Y,3.532939633719312,2.636953588189848,87,SKU001,Warehouse C,Brand Y,292.5077721378761,15
1888,Product C,Clothing,22,Supplier Z,14.23428428997223,2.133783438021782,35,SKU002,Warehouse A,Brand Y,956.3113428358344,30
1889,Product B,Home,61,Supplier X,33.41816736427211,1.393060823253281,17,SKU002,Warehouse C,Brand Z,736.7674954185936,7
1890,Product C,Home,61,Supplier Y,15.51550657717446,2.916367684196916,22,SKU003,Warehouse C,Brand X,665.0763686745881,15
1891,Product A,Clothing,53,Supplier X,2.492343705722716,4.785187681753765,76,SKU002,Warehouse A,Brand Y,818.7881105203196,30
1892,Product B,Home,26,Supplier X,41.59352046754819,3.243630112281484,48,SKU003,Warehouse B,Brand Z,136.300704227526,30
1893,Product B,Clothing,91,Supplier Z,15.51650035672815,3.670248407144686,41,SKU003,Warehouse C,Brand Y,860.7394915265141,30
1894,Product C,Electronics,40,Supplier Y,3.155261242933921,1.45153527396739,43,SKU003,Warehouse B,Brand Y,598.884386748629,15
1895,Product A,Home,88,Supplier Z,3.739408225143259,1.574078656569025,0,SKU001,Warehouse B,Brand Z,341.9757173843461,15
1896,Product B,Electronics,8,Supplier Y,12.58793993943768,2.85789304783869,6,SKU001,Warehouse B,Brand X,817.6967031882335,30
1897,Product A,Home,21,Supplier Y,8.900797361076313,4.805059195934903,47,SKU002,Warehouse A,Brand Z,804.5388890051378,30
1898,Product B,Home,93,Supplier Y,38.71500588900754,2.443138566366116,84,SKU003,Warehouse B,Brand Y,847.2514958995598,30
1899,Product A,Home,43,Supplier X,16.08420233335172,4.509936165270134,15,SKU002,Warehouse C,Brand X,124.3627211059123,30
1900,Product C,Clothing,21,Supplier X,40.23478925199163,1.481154373702846,47,SKU002,Warehouse B,Brand X,969.6676325458183,15
1901,Product B,Electronics,3,Supplier Z,8.69229989115764,3.46806882773484,77,SKU002,Warehouse B,Brand X,960.0298922518339,30
1902,Product B,Home,31,Supplier Y,24.64395897720419,3.402451907642073,42,SKU002,Warehouse B,Brand X,363.8949490467242,7
1903,Product A,Clothing,27,Supplier Y,34.40185667765644,4.439499000281074,50,SKU002,Warehouse C,Brand Y,75.23507802980045,7
1904,Product A,Home,27,Supplier X,32.59954269329274,1.013266817619606,65,SKU003,Warehouse B,Brand Z,175.3851127740978,15
1905,Product B,Clothing,73,Supplier Y,30.05647049651344,1.759726668790289,30,SKU003,Warehouse B,Brand Z,992.90251719025,7
1906,Product C,Home,57,Supplier Z,46.24108009655849,1.878750501717927,38,SKU003,Warehouse B,Brand X,567.3828137399464,7
1907,Product A,Electronics,97,Supplier Y,11.42625738533722,4.799864352362949,8,SKU003,Warehouse A,Brand X,363.0555808377915,7
1908,Product A,Electronics,33,Supplier Y,24.68596022310527,1.61477462507958,40,SKU001,Warehouse C,Brand Z,295.3206669115384,15
1909,Product A,Home,90,Supplier X,44.19962750362043,1.147849400882242,62,SKU003,Warehouse A,Brand X,264.4218179578381,7
1910,Product B,Clothing,92,Supplier Y,3.894688279757852,3.137845978967232,13,SKU003,Warehouse C,Brand Z,667.5112374039372,30
1911,Product B,Home,44,Supplier Z,2.794413412653762,3.114233849734727,57,SKU003,Warehouse B,Brand Z,425.1939532044891,7
1912,Product B,Clothing,43,Supplier Z,11.66511437791457,4.376187861471458,73,SKU001,Warehouse C,Brand X,965.7565923749255,7
1913,Product B,Home,31,Supplier Z,31.65106097690093,4.795438600711208,87,SKU002,Warehouse C,Brand Z,687.0046003389078,7
1914,Product C,Clothing,65,Supplier Z,12.99398132249035,3.154181768560524,96,SKU001,Warehouse C,Brand Z,794.1241451384716,30
1915,Product C,Electronics,84,Supplier X,9.511994190439948,4.719976729678622,97,SKU003,Warehouse C,Brand Z,299.8141330973284,15
1916,Product B,Home,76,Supplier Y,22.94011576791461,3.900636605199319,83,SKU003,Warehouse A,Brand X,88.39454501753958,15
1917,Product C,Electronics,17,Supplier X,30.67990343847057,2.05823651198234,63,SKU001,Warehouse C,Brand Y,492.9446090080622,7
1918,Product A,Electronics,15,Supplier Z,12.42788535083702,4.713682843775706,27,SKU002,Warehouse A,Brand Y,321.435731080765,30
1919,Product A,Home,34,Supplier Y,15.0345593361871,3.669772704727499,3,SKU001,Warehouse A,Brand Y,210.0623333578444,7
1920,Product A,Home,80,Supplier X,30.67796524057569,2.656383730970535,33,SKU001,Warehouse B,Brand Y,953.1157094928527,15
1921,Product B,Clothing,4,Supplier Y,47.28692109947264,3.720968338067723,3,SKU003,Warehouse C,Brand Y,449.54833219861,15
1922,Product A,Clothing,72,Supplier Z,33.73708637190441,2.605251310975004,69,SKU001,Warehouse B,Brand X,182.9615061282978,30
1923,Product C,Electronics,98,Supplier Z,39.145207179228,1.456735071951837,57,SKU001,Warehouse C,Brand X,206.6641461543277,30
1924,Product B,Clothing,89,Supplier Y,18.34050473777344,3.875914988707599,85,SKU001,Warehouse A,Brand Y,287.9026450399481,15
1925,Product C,Clothing,79,Supplier Y,13.6127179692233,4.296350448682976,3,SKU001,Warehouse A,Brand Y,999.3231055078156,15
1926,Product A,Home,28,Supplier Z,22.71338716013113,3.915224796077551,49,SKU001,Warehouse A,Brand Z,275.3313855144013,15
1927,Product A,Clothing,73,Supplier X,40.35664143558368,1.916458671026706,4,SKU001,Warehouse C,Brand Z,335.5137865326691,7
1928,Product A,Electronics,2,Supplier Z,22.81498208952779,4.826540053910452,74,SKU003,Warehouse C,Brand Z,662.7348467041614,15
1929,Product B,Clothing,17,Supplier Y,42.33627043949305,1.101018246764624,44,SKU003,Warehouse C,Brand Y,301.0217626461953,15
1930,Product C,Electronics,58,Supplier X,49.43859903475635,2.330741189502562,34,SKU003,Warehouse C,Brand Y,223.6462085490964,30
1931,Product B,Home,74,Supplier Z,3.601333286516817,2.040369738139582,82,SKU003,Warehouse C,Brand X,167.0508147831027,15
1932,Product B,Electronics,9,Supplier Y,2.270507804185184,1.192504910459404,74,SKU001,Warehouse B,Brand Z,319.5558383775142,15
1933,Product A,Clothing,31,Supplier Y,7.479485145668091,2.622918771954674,74,SKU001,Warehouse C,Brand Z,114.8565327324858,30
1934,Product B,Home,66,Supplier Y,19.21848378671731,3.492459360651098,26,SKU001,Warehouse B,Brand X,28.46012055063507,15
1935,Product B,Clothing,88,Supplier X,6.55211045727162,4.530211453940405,1,SKU001,Warehouse C,Brand X,806.5952803613305,30
1936,Product A,Home,62,Supplier X,43.5332238809378,4.95875886476588,53,SKU003,Warehouse C,Brand X,146.5159929904308,30
1937,Product B,Home,19,Supplier X,1.15731255135319,4.232358345617593,71,SKU003,Warehouse C,Brand Z,778.2170813170899,30
1938,Product A,Clothing,81,Supplier X,15.78963581679113,2.874722074851299,97,SKU001,Warehouse C,Brand X,799.5670541967932,30
1939,Product A,Clothing,74,Supplier Y,9.234731474710268,3.894817703868123,83,SKU001,Warehouse A,Brand Y,542.5403310659507,30
1940,Product A,Home,55,Supplier Y,46.57696650787662,4.374495154358563,86,SKU001,Warehouse A,Brand Y,316.5851387298219,30
1941,Product A,Home,28,Supplier X,33.4740502445014,2.861228785674725,78,SKU001,Warehouse B,Brand Y,153.5824064123896,30
1942,Product B,Clothing,92,Supplier X,45.60151282256872,4.140217736102,47,SKU002,Warehouse B,Brand X,739.4370556537891,15
1943,Product A,Electronics,50,Supplier Y,48.61643551551967,2.930609673251507,76,SKU002,Warehouse C,Brand Z,605.3731161219681,7
1944,Product A,Clothing,65,Supplier Z,24.85491218386846,2.545983963506891,94,SKU002,Warehouse C,Brand Z,658.8989219286285,15
1945,Product B,Home,3,Supplier Z,11.71595540240131,3.104363351135045,48,SKU002,Warehouse C,Brand X,18.58239894667973,30
1946,Product B,Clothing,79,Supplier Y,9.686439309829463,3.703418950508579,77,SKU001,Warehouse C,Brand X,928.2418455507462,30
1947,Product C,Electronics,52,Supplier X,11.14594308429203,3.907528225274389,0,SKU001,Warehouse A,Brand Z,75.62728557208474,15
1948,Product B,Clothing,10,Supplier X,35.42966538110014,2.426945075568431,90,SKU001,Warehouse B,Brand Y,373.1378262886056,7
1949,Product B,Home,21,Supplier Y,2.022286406150037,3.285281006224139,32,SKU002,Warehouse B,Brand Y,408.6845331551833,15
1950,Product C,Clothing,37,Supplier Z,2.568053651635744,4.639483496321788,34,SKU002,Warehouse B,Brand Z,11.34196925296936,15
1951,Product B,Home,15,Supplier Y,30.4071471191575,4.905251600442559,53,SKU001,Warehouse A,Brand X,502.1184162572891,15
1952,Product B,Home,87,Supplier Y,32.10285733687033,1.908992364735818,55,SKU002,Warehouse C,Brand Y,755.2809045658998,7
1953,Product B,Clothing,78,Supplier Y,33.263146216123,1.771324662853366,14,SKU003,Warehouse A,Brand Y,825.0359665836245,30
1954,Product B,Home,79,Supplier X,18.59402522942956,3.706742533714594,68,SKU002,Warehouse A,Brand Y,880.6030233728255,7
1955,Product C,Home,74,Supplier X,40.29724443570765,2.658735543293775,3,SKU002,Warehouse B,Brand X,492.8416796322158,15
1956,Product B,Electronics,9,Supplier X,26.68122938633088,1.096889353672548,83,SKU002,Warehouse A,Brand X,634.3298286243539,15
1957,Product B,Electronics,44,Supplier Z,5.273281500470972,2.387447482589137,63,SKU002,Warehouse B,Brand Y,88.72451616353378,7
1958,Product C,Electronics,39,Supplier Y,39.85496535336726,4.226978973889008,21,SKU001,Warehouse A,Brand X,493.1578420389324,7
1959,Product A,Electronics,5,Supplier Y,47.65338931352291,4.189707721532731,23,SKU003,Warehouse B,Brand Z,163.2675973230179,30
1960,Product C,Home,25,Supplier Z,3.001815650117934,2.978740595266328,46,SKU001,Warehouse B,Brand X,375.9466864462962,30
1961,Product A,Clothing,56,Supplier X,19.567566935029,2.890311739550141,74,SKU002,Warehouse C,Brand Z,336.0122597359533,7
1962,Product C,Home,90,Supplier Y,24.37580224173738,3.31802976973751,5,SKU002,Warehouse B,Brand Y,429.3051714690931,30
1963,Product C,Home,64,Supplier Z,7.323538003915847,1.877586842254304,26,SKU002,Warehouse A,Brand Y,575.9202517943912,15
1964,Product B,Home,72,Supplier X,43.38544738914386,3.104174499563822,9,SKU002,Warehouse B,Brand Z,903.8478805923659,7
1965,Product A,Clothing,86,Supplier X,14.2074822445022,1.044185440226594,38,SKU002,Warehouse A,Brand Y,400.5397850340303,30
1966,Product B,Electronics,52,Supplier Y,39.150426996908,2.902238219132535,73,SKU003,Warehouse B,Brand Y,981.3198837544352,15
1967,Product A,Home,89,Supplier X,33.5497241014158,2.34420418500237,89,SKU001,Warehouse C,Brand Y,761.4377675706908,7
1968,Product C,Home,76,Supplier Z,29.90229112335117,3.699478423614639,36,SKU002,Warehouse C,Brand X,516.3662363204994,30
1969,Product C,Electronics,9,Supplier X,9.60714243482772,3.55341433661051,53,SKU003,Warehouse A,Brand X,647.5861727408246,15
1970,Product A,Home,10,Supplier Y,11.03517602754529,2.523343520731236,96,SKU001,Warehouse B,Brand Z,111.201929420625,7
1971,Product B,Clothing,10,Supplier Z,2.367420237328466,1.029091925914366,50,SKU001,Warehouse A,Brand Z,846.0763160005183,30
1972,Product B,Home,73,Supplier X,12.03562148911332,2.009094517579842,59,SKU001,Warehouse C,Brand X,586.5338805133262,15
1973,Product B,Home,62,Supplier X,17.27218047302571,3.533391400756649,71,SKU002,Warehouse A,Brand Y,986.2068054075057,15
1974,Product B,Electronics,90,Supplier X,41.65726519312127,1.289493372070018,50,SKU002,Warehouse A,Brand X,640.0644563153206,15
1975,Product C,Home,99,Supplier Z,18.31963333574026,1.430569687333855,61,SKU003,Warehouse B,Brand Y,835.7704674336618,15
1976,Product C,Home,91,Supplier X,37.73108913828032,3.588140098268349,48,SKU003,Warehouse C,Brand Z,801.7651153672873,7
1977,Product C,Clothing,60,Supplier Y,21.97211406477438,4.023069603797169,50,SKU001,Warehouse C,Brand Z,352.0065399535861,15
1978,Product C,Electronics,95,Supplier Z,39.24341559969442,2.286198832050848,27,SKU002,Warehouse B,Brand Z,267.0145189808795,7
1979,Product C,Electronics,19,Supplier Z,48.81358002185199,2.958692262066247,35,SKU001,Warehouse B,Brand X,436.1886475971949,7
1980,Product B,Clothing,38,Supplier X,11.99207790287901,4.782845459934634,24,SKU001,Warehouse B,Brand X,472.5689309647487,30
1981,Product B,Home,6,Supplier Z,43.11708059819381,4.782174248703878,35,SKU003,Warehouse C,Brand Y,247.6838549172774,7
1982,Product B,Electronics,15,Supplier Y,31.09120431528873,2.23001109785372,76,SKU002,Warehouse C,Brand Z,895.6518946174622,15
1983,Product B,Electronics,93,Supplier Z,40.86471307943274,4.239951500068361,59,SKU003,Warehouse B,Brand Y,547.1223836776395,7
1984,Product C,Home,47,Supplier Y,32.57929511339026,3.375776211227435,6,SKU002,Warehouse A,Brand Y,978.6599482320339,7
1985,Product C,Home,45,Supplier X,21.19747536370751,4.90193797340152,64,SKU001,Warehouse C,Brand X,811.9176002658006,30
1986,Product C,Electronics,5,Supplier Z,11.40374697208952,2.910454278844386,72,SKU001,Warehouse B,Brand X,560.1478117880265,7
1987,Product A,Home,78,Supplier Y,3.501761266558251,4.098827472062246,91,SKU001,Warehouse B,Brand Y,947.5698753629156,30
1988,Product B,Electronics,53,Supplier X,26.77591822303585,4.072548518459485,35,SKU002,Warehouse A,Brand Y,509.826066944354,7
1989,Product B,Home,66,Supplier Y,49.51630472634328,2.989731470532305,93,SKU001,Warehouse B,Brand Y,888.2354473934837,30
1990,Product C,Home,62,Supplier Z,36.90209025071031,4.182520457189231,72,SKU002,Warehouse A,Brand X,364.5633333838475,7
1991,Product B,Clothing,23,Supplier Z,16.36727706995083,2.044161333227986,29,SKU002,Warehouse A,Brand Y,384.8559595700531,15
1992,Product B,Home,44,Supplier Y,41.36024000433676,1.489012145160916,98,SKU003,Warehouse C,Brand X,423.9493761412218,7
1993,Product C,Clothing,52,Supplier X,38.44920000882033,2.700654978621265,46,SKU001,Warehouse B,Brand Z,551.1593894838137,30
1994,Product A,Home,46,Supplier X,14.08178966767284,4.774522626534338,90,SKU003,Warehouse C,Brand Z,557.9553674968358,30
1995,Product A,Electronics,19,Supplier X,0.7153744897117342,3.002978432810115,28,SKU002,Warehouse C,Brand Y,501.4349324603133,15
1996,Product A,Electronics,88,Supplier X,5.90813192669748,3.541036554587708,4,SKU001,Warehouse C,Brand X,312.9409638473358,15
1997,Product C,Home,84,Supplier Y,43.86530951560288,3.496649823631501,64,SKU001,Warehouse B,Brand Z,927.9344001429228,30
1998,Product B,Home,47,Supplier Z,41.82815176524359,1.530291469078122,68,SKU002,Warehouse B,Brand X,592.7002363757617,15
1999,Product C,Electronics,91,Supplier Y,14.76045004391812,2.561187529508841,62,SKU001,Warehouse B,Brand X,413.661824029679,7
2000,Product C,Home,52,Supplier Z,14.25977131422102,3.827755891687499,92,SKU002,Warehouse C,Brand Z,654.665191136182,7
2001,Product B,Clothing,24,Supplier Z,39.64324935512356,4.887960394322905,55,SKU001,Warehouse A,Brand Y,770.2870902317071,15
2002,Product A,Clothing,17,Supplier Y,46.8868734947711,1.672070953188105,16,SKU001,Warehouse C,Brand Y,961.1208073459607,7
2003,Product A,Clothing,89,Supplier Y,38.95686283988,2.641767561356465,50,SKU002,Warehouse A,Brand Z,504.5536706449068,7
2004,Product C,Clothing,46,Supplier X,30.27893385153807,1.380375199210917,36,SKU003,Warehouse B,Brand X,120.9775252472512,15
2005,Product A,Clothing,64,Supplier Z,12.13356751659023,1.969505838597024,87,SKU002,Warehouse B,Brand Y,446.3581434221759,30
2006,Product C,Home,95,Supplier X,26.28739570476303,2.507037373304601,90,SKU001,Warehouse C,Brand X,484.1808558389367,7
2007,Product C,Home,28,Supplier X,11.67559292966323,3.162572991809402,8,SKU002,Warehouse A,Brand Z,898.0241374038171,15
2008,Product B,Clothing,50,Supplier Y,40.40057100483868,1.922267528956324,37,SKU002,Warehouse B,Brand Y,400.8527607783236,30
2009,Product B,Home,64,Supplier X,19.34805397588686,1.910250644714743,52,SKU002,Warehouse B,Brand Y,953.791022238267,7
2010,Product B,Home,28,Supplier X,41.68486084970131,4.111319916560815,12,SKU001,Warehouse C,Brand Y,490.2805886371914,7
2011,Product C,Clothing,86,Supplier X,19.08046089913626,4.850566651787525,89,SKU003,Warehouse C,Brand Z,974.0426959691396,15
2012,Product B,Home,56,Supplier Y,41.20747025999457,2.294451871005825,52,SKU003,Warehouse C,Brand Z,18.11633791965257,7
2013,Product A,Home,59,Supplier X,16.6658907582621,3.751968074542721,74,SKU001,Warehouse A,Brand Z,899.8272210582832,30
2014,Product A,Home,5,Supplier X,22.00663523088349,2.032321845431683,87,SKU003,Warehouse A,Brand X,931.8092474239172,15
2015,Product C,Clothing,54,Supplier Y,30.77442096713288,4.711809019862528,96,SKU002,Warehouse B,Brand X,961.4107264075611,15
2016,Product C,Home,44,Supplier Y,3.514380701495934,3.691609440661593,48,SKU002,Warehouse C,Brand X,22.9457688328687,15
2017,Product B,Electronics,42,Supplier Y,47.41035309077322,4.21070741855028,69,SKU003,Warehouse B,Brand Y,179.9838281848059,15
2018,Product C,Electronics,72,Supplier Z,28.68028930619016,1.197416172796659,34,SKU003,Warehouse A,Brand Y,657.2268580623038,30
2019,Product C,Clothing,92,Supplier Y,25.39100073454011,3.394023872962499,15,SKU003,Warehouse B,Brand Y,35.21796481775606,30
2020,Product A,Electronics,57,Supplier Z,41.96969855599561,3.110449325433529,12,SKU002,Warehouse B,Brand Z,72.97290621473573,30
2021,Product A,Clothing,47,Supplier Y,43.28813649484138,2.171987627646128,10,SKU002,Warehouse C,Brand Z,228.8680849565075,30
2022,Product B,Electronics,76,Supplier Y,26.1130202264508,2.049719940229272,86,SKU001,Warehouse B,Brand Y,517.3153710564454,30
2023,Product C,Electronics,25,Supplier Y,46.36311628968187,3.320099209267879,1,SKU001,Warehouse C,Brand Z,550.4435336741394,30
2024,Product C,Electronics,44,Supplier Z,3.236888303824031,3.825942540028901,93,SKU002,Warehouse B,Brand X,43.9185115655693,15
2025,Product A,Clothing,15,Supplier X,5.661289612560877,1.132691028140756,18,SKU002,Warehouse B,Brand X,178.6635782737158,15
2026,Product C,Clothing,51,Supplier Y,29.83941150072201,3.269606327694818,44,SKU001,Warehouse A,Brand Z,504.7086166013088,15
2027,Product A,Home,53,Supplier Z,17.70329308967919,1.681838115786515,45,SKU001,Warehouse A,Brand X,598.0012147339712,30
2028,Product B,Clothing,34,Supplier Y,23.21125830945994,1.561450925544402,46,SKU002,Warehouse B,Brand X,156.9176795213532,15
2029,Product A,Electronics,77,Supplier X,16.40396089485833,3.492477952378738,48,SKU003,Warehouse B,Brand X,404.8529978275009,30
2030,Product C,Electronics,8,Supplier Z,20.23626557224678,2.243480468869892,78,SKU002,Warehouse C,Brand Y,905.3574221517829,15
2031,Product B,Clothing,77,Supplier Y,41.13231735731497,2.763520932539456,41,SKU003,Warehouse A,Brand Z,998.9102941757103,30
2032,Product A,Clothing,70,Supplier Y,29.67380999271523,2.439995237759092,32,SKU002,Warehouse A,Brand Z,987.3423102828298,30
2033,Product A,Clothing,96,Supplier Y,49.86722746417491,3.593345280610095,40,SKU001,Warehouse B,Brand Y,882.8577651840037,30
2034,Product B,Home,21,Supplier X,39.34395989104814,2.880479064265876,68,SKU001,Warehouse C,Brand X,400.7134870704463,7
2035,Product B,Electronics,7,Supplier Z,13.68331270509133,4.85383464815179,85,SKU001,Warehouse A,Brand Y,689.7085491540363,7
2036,Product A,Home,90,Supplier Y,13.21725588633481,2.409531036425861,90,SKU002,Warehouse B,Brand X,422.4263055063567,30
2037,Product C,Home,79,Supplier Y,16.79491350585036,3.961137361051341,98,SKU002,Warehouse B,Brand Y,652.0417565559608,15
2038,Product A,Electronics,56,Supplier Z,42.16297403238713,2.029170270332178,18,SKU002,Warehouse B,Brand X,316.3381462597884,30
2039,Product B,Electronics,49,Supplier X,1.36438253252828,3.035012370504587,38,SKU003,Warehouse B,Brand Y,610.1402310742286,30
2040,Product A,Clothing,42,Supplier X,11.50906394356289,3.210279007607828,6,SKU002,Warehouse B,Brand Y,528.5209115873214,7
2041,Product B,Clothing,23,Supplier X,45.24592101721335,2.316437124250929,38,SKU003,Warehouse A,Brand X,34.23546315506795,30
2042,Product B,Home,52,Supplier X,31.9948218041626,2.887122115650516,97,SKU003,Warehouse A,Brand X,792.7958747086526,7
2043,Product C,Clothing,79,Supplier X,11.34235477505282,2.117114551593969,33,SKU003,Warehouse C,Brand Z,21.77885392270406,15
2044,Product B,Clothing,53,Supplier Y,10.95724841162902,1.024003126695928,90,SKU001,Warehouse B,Brand Z,300.2243828307688,15
2045,Product B,Electronics,16,Supplier Y,43.13090508797153,1.862593206551515,43,SKU003,Warehouse C,Brand Y,15.86482479946235,15
2046,Product C,Electronics,96,Supplier Y,44.68787541385232,3.800256689972803,68,SKU003,Warehouse B,Brand Y,382.4393991622462,30
2047,Product B,Clothing,37,Supplier Z,12.80655454810576,4.083852097941508,67,SKU001,Warehouse B,Brand Z,72.52892288249791,7
2048,Product C,Electronics,18,Supplier X,21.02551790382661,2.12081146855568,62,SKU003,Warehouse B,Brand Z,914.3758571629288,30
2049,Product C,Clothing,20,Supplier Z,41.72978693141586,2.632171995272288,70,SKU002,Warehouse C,Brand X,421.52250221124,15
2050,Product B,Electronics,46,Supplier X,38.55037193049427,1.149462640554444,47,SKU002,Warehouse B,Brand Z,464.900817115766,30
2051,Product B,Electronics,2,Supplier X,40.69580532830422,1.948251604390722,2,SKU001,Warehouse C,Brand Y,356.3517337299463,7
2052,Product A,Electronics,87,Supplier Z,25.91990953939844,4.116877133489197,84,SKU001,Warehouse A,Brand Z,631.2310926597486,7
2053,Product C,Electronics,94,Supplier Y,45.57745241525866,3.423945081060229,33,SKU003,Warehouse B,Brand Z,786.5640354520217,15
2054,Product A,Clothing,63,Supplier Z,16.29757719772176,1.823082087817486,8,SKU003,Warehouse C,Brand Z,651.6652756184881,15
2055,Product B,Home,3,Supplier Y,7.833606717375901,2.029767980489729,60,SKU003,Warehouse A,Brand Z,750.7250472111763,15
2056,Product A,Electronics,46,Supplier X,35.43661662824324,4.26720809195824,19,SKU001,Warehouse B,Brand Y,906.9139268741678,30
2057,Product C,Clothing,49,Supplier Y,26.96772080034482,1.836336811779603,39,SKU003,Warehouse A,Brand Z,864.9110663547144,7
2058,Product A,Clothing,1,Supplier X,42.72928844047405,2.336630903388525,11,SKU002,Warehouse B,Brand Z,677.3178682261588,30
2059,Product C,Electronics,22,Supplier X,4.057962456235748,3.657434766618577,27,SKU002,Warehouse C,Brand Y,222.4915832753843,15
2060,Product B,Home,93,Supplier Y,42.18462017190334,3.244449542832315,47,SKU003,Warehouse B,Brand Z,641.3258225315095,7
2061,Product B,Electronics,14,Supplier X,14.66473266044111,2.843480820935257,96,SKU001,Warehouse B,Brand Y,511.0222647831058,15
2062,Product C,Clothing,92,Supplier Y,32.74278335840915,4.598964363918977,73,SKU002,Warehouse C,Brand Z,720.0470387003159,7
2063,Product B,Home,85,Supplier Z,2.006439453912789,1.878841850860207,74,SKU001,Warehouse C,Brand Z,834.6023319089858,7
2064,Product B,Clothing,45,Supplier X,30.47906481518003,3.965679563451999,6,SKU002,Warehouse C,Brand Z,745.2942822145533,15
2065,Product B,Electronics,96,Supplier X,35.8635844593668,1.636255362472733,81,SKU003,Warehouse B,Brand X,848.0955582616724,7
2066,Product B,Home,6,Supplier Z,18.43751072528102,3.462935333928581,82,SKU003,Warehouse A,Brand Z,73.2277096076136,7
2067,Product C,Clothing,65,Supplier X,10.77053526310701,4.482494253645253,13,SKU001,Warehouse C,Brand Y,41.30383785508931,15
2068,Product A,Clothing,21,Supplier Z,26.88153383017725,2.831607141912551,80,SKU003,Warehouse A,Brand X,265.915562022598,7
2069,Product A,Clothing,4,Supplier Z,41.65954022178233,3.897178028765316,86,SKU001,Warehouse C,Brand Z,901.659423267542,15
2070,Product B,Electronics,3,Supplier X,16.17736791483254,4.281573411995953,18,SKU001,Warehouse C,Brand Y,825.4226584741341,30
2071,Product A,Home,30,Supplier Z,12.62346487606398,1.544105699510411,53,SKU002,Warehouse B,Brand Z,685.9000248173585,30
2072,Product A,Electronics,31,Supplier Z,13.94676543188438,3.82330758112844,59,SKU002,Warehouse C,Brand Y,703.7510807653188,15
2073,Product B,Electronics,34,Supplier Z,47.45660764583322,4.679364095954705,66,SKU003,Warehouse A,Brand Z,729.4037645656305,7
2074,Product B,Electronics,83,Supplier X,17.96384578822799,3.305482439422177,33,SKU001,Warehouse B,Brand Y,943.1766734798995,30
2075,Product A,Home,20,Supplier Z,0.1802119944143588,1.744488978115024,88,SKU002,Warehouse C,Brand Y,833.869240784482,15
2076,Product C,Electronics,87,Supplier Y,39.08406039798098,1.507770126355772,40,SKU003,Warehouse A,Brand X,627.1564831567771,15
2077,Product B,Electronics,54,Supplier Y,34.96373976676951,2.038941321866992,30,SKU003,Warehouse B,Brand X,669.0582809045691,7
2078,Product C,Electronics,25,Supplier Z,6.428413230148444,1.41405307606673,38,SKU002,Warehouse A,Brand Y,221.6028594405107,7
2079,Product A,Electronics,15,Supplier Y,49.24521245674563,3.05357628634019,77,SKU003,Warehouse B,Brand Y,660.7456369047097,7
2080,Product B,Clothing,38,Supplier X,30.40311426525556,1.278818730826938,51,SKU002,Warehouse B,Brand X,430.4322222942739,15
2081,Product C,Electronics,23,Supplier Z,25.03897454703007,1.893618498544906,46,SKU001,Warehouse B,Brand Y,161.4322518996863,30
2082,Product B,Clothing,52,Supplier X,19.11096338114455,2.759641775648857,19,SKU003,Warehouse C,Brand Z,808.3387910541086,15
2083,Product A,Electronics,66,Supplier Y,44.9336377781819,2.895659001608086,95,SKU001,Warehouse B,Brand Z,515.1446288051142,7
2084,Product C,Home,57,Supplier Y,12.19817407092816,3.261593940587858,96,SKU002,Warehouse C,Brand Y,977.6507912725274,7
2085,Product A,Clothing,57,Supplier Y,14.28844501099509,3.822459851002906,51,SKU001,Warehouse C,Brand Y,288.8625609297797,15
2086,Product A,Clothing,79,Supplier Y,6.120540334328345,1.18891455866187,94,SKU002,Warehouse C,Brand X,485.863411182026,7
2087,Product B,Clothing,52,Supplier X,37.955954779213,1.322483808703133,70,SKU003,Warehouse C,Brand X,453.5155001221794,7
2088,Product C,Clothing,35,Supplier Z,29.77746402029267,1.243436607219123,61,SKU003,Warehouse B,Brand Y,129.5717272082529,15
2089,Product A,Home,74,Supplier X,30.45330846272492,2.692601261859641,4,SKU003,Warehouse C,Brand Z,431.8541260424717,30
2090,Product A,Electronics,14,Supplier Z,10.92352155097318,1.167391779531737,56,SKU001,Warehouse A,Brand X,294.6779218567157,7
2091,Product C,Clothing,91,Supplier Y,32.55841945635419,3.984325067325305,3,SKU001,Warehouse A,Brand Z,168.7172666532651,30
2092,Product A,Home,14,Supplier Y,38.27292236234319,1.892000724153911,10,SKU001,Warehouse B,Brand Z,289.3340281957779,30
2093,Product A,Clothing,99,Supplier Y,17.89442653628446,4.756849973159834,18,SKU002,Warehouse C,Brand Z,240.9191743537281,30
2094,Product C,Electronics,33,Supplier Y,40.06735719808561,2.945615020388446,83,SKU003,Warehouse A,Brand Z,736.7327956958193,30
2095,Product C,Clothing,52,Supplier X,17.43952942660105,2.785303009768807,26,SKU001,Warehouse A,Brand X,40.46742647656849,7
2096,Product C,Home,1,Supplier Z,37.90692307546438,4.122154770558002,28,SKU002,Warehouse C,Brand Y,621.2881204340891,7
2097,Product C,Electronics,34,Supplier Z,1.686505372885949,3.852615935571964,17,SKU001,Warehouse C,Brand Y,763.0547286033704,15
2098,Product B,Home,19,Supplier Y,27.55823007368263,3.429236163792571,36,SKU002,Warehouse B,Brand X,485.9162219042835,7
2099,Product C,Electronics,24,Supplier X,48.47632803199433,4.74058682500148,60,SKU003,Warehouse A,Brand Z,932.2493302078392,15
2100,Product B,Electronics,4,Supplier Y,49.06223003411954,2.689037043948308,46,SKU001,Warehouse B,Brand Y,710.80188828417,30
2101,Product B,Electronics,36,Supplier Z,14.08762891708703,4.234126703089146,88,SKU003,Warehouse A,Brand Y,750.4444147983031,15
2102,Product B,Clothing,77,Supplier Z,22.06995455401777,2.520371782983274,19,SKU001,Warehouse C,Brand Y,204.9641525664615,15
2103,Product A,Home,58,Supplier X,3.148895399331653,4.353382697184419,69,SKU002,Warehouse A,Brand Z,779.5226200806827,7
2104,Product B,Home,32,Supplier Z,43.66706538022999,2.037898515863874,99,SKU003,Warehouse A,Brand Y,833.7737887222837,15
2105,Product B,Home,9,Supplier X,28.42860765701071,2.15706829134413,48,SKU001,Warehouse A,Brand X,367.6537245219297,30
2106,Product A,Electronics,80,Supplier Y,19.25503394702585,3.711478136069816,14,SKU001,Warehouse C,Brand Y,221.2294373526415,7
2107,Product A,Clothing,67,Supplier Y,5.638527924457653,1.850853179807185,17,SKU003,Warehouse C,Brand Y,391.2001724115805,7
2108,Product A,Electronics,20,Supplier X,47.33836427484446,1.916616748101715,37,SKU002,Warehouse A,Brand X,742.2118893101358,7
2109,Product C,Home,74,Supplier Y,26.51095239104968,2.221049716069659,88,SKU003,Warehouse A,Brand Z,423.4626158100157,30
2110,Product A,Clothing,62,Supplier X,14.14639645414519,3.715715078641503,83,SKU001,Warehouse C,Brand Y,739.28535647254,15
2111,Product A,Clothing,58,Supplier Y,17.51075650657548,4.557552369692928,21,SKU003,Warehouse C,Brand Z,122.4288955677623,7
2112,Product B,Clothing,22,Supplier Y,13.53485904610738,3.698270604507947,75,SKU003,Warehouse C,Brand Z,807.9515933835995,15
2113,Product A,Home,67,Supplier Z,30.09049044284903,4.311256977376501,59,SKU002,Warehouse A,Brand Z,260.6754068259338,30
2114,Product C,Clothing,75,Supplier Z,46.49817878902549,3.174242358777879,96,SKU002,Warehouse B,Brand Y,256.4396978374477,30
2115,Product A,Clothing,89,Supplier X,42.83469016632822,1.275692885380581,92,SKU003,Warehouse B,Brand Y,594.4771555518221,30
2116,Product C,Electronics,48,Supplier Y,23.01904377129888,1.401864846034003,65,SKU002,Warehouse C,Brand X,79.41686528951976,7
2117,Product A,Electronics,8,Supplier Y,41.32496811505039,3.217567913467662,25,SKU002,Warehouse B,Brand Z,36.03474941782188,7
2118,Product A,Clothing,73,Supplier Y,21.15527406381649,2.311203874568438,63,SKU001,Warehouse A,Brand X,268.4183786405148,15
2119,Product A,Clothing,15,Supplier Z,12.6153570379319,1.882272294547771,95,SKU002,Warehouse B,Brand Y,542.6868752274745,15
2120,Product A,Electronics,32,Supplier X,49.1707557633214,2.865027709210483,57,SKU003,Warehouse B,Brand Y,908.540222362975,7
2121,Product C,Electronics,53,Supplier X,15.19437839854109,3.665986963617206,2,SKU003,Warehouse B,Brand X,847.9708245442339,30
2122,Product C,Electronics,67,Supplier X,16.18621154934542,2.539967790943434,29,SKU001,Warehouse C,Brand X,495.5419953217657,30
2123,Product B,Home,4,Supplier Y,49.48464338932611,4.210169028629366,18,SKU001,Warehouse A,Brand Z,46.68147375655784,7
2124,Product C,Home,30,Supplier X,6.696374658282744,3.954092986285575,9,SKU001,Warehouse C,Brand Y,539.900207283016,15
2125,Product A,Electronics,13,Supplier Z,38.02669940048475,3.939659528638267,88,SKU003,Warehouse B,Brand Z,707.7476439260425,30
2126,Product B,Clothing,21,Supplier Z,46.79063792413633,4.940758758709554,45,SKU003,Warehouse C,Brand Z,345.7728871997834,7
2127,Product B,Electronics,41,Supplier X,25.58974971377093,2.180919909486539,18,SKU002,Warehouse A,Brand Y,119.9526702488382,15
2128,Product B,Home,19,Supplier Y,0.1260880851410018,3.578902345363581,57,SKU001,Warehouse A,Brand Y,285.7822736736028,15
2129,Product A,Clothing,48,Supplier Z,18.75294720565531,4.421913360641254,84,SKU002,Warehouse A,Brand Z,773.8729758231358,30
2130,Product C,Home,86,Supplier Z,5.578449619241354,3.318097735655644,5,SKU002,Warehouse A,Brand X,357.731393960495,30
2131,Product A,Clothing,63,Supplier Y,20.80938304668479,4.158008704461571,50,SKU003,Warehouse B,Brand Y,813.861675778853,30
2132,Product B,Home,20,Supplier Y,39.50133808211424,2.657808743359649,13,SKU002,Warehouse B,Brand Z,326.326237289401,30
2133,Product A,Clothing,64,Supplier X,21.93557744419002,3.361965382619219,57,SKU001,Warehouse B,Brand X,171.9194880296799,15
2134,Product A,Clothing,37,Supplier Z,21.59625606729613,1.222665571217313,7,SKU001,Warehouse B,Brand Z,441.4898759184721,7
2135,Product C,Clothing,31,Supplier Z,27.83947384594233,4.943070423299254,1,SKU003,Warehouse B,Brand Y,457.7517671662476,15
2136,Product C,Clothing,74,Supplier X,29.08452923738401,4.200073925793669,17,SKU003,Warehouse C,Brand X,25.9471363638436,30
2137,Product B,Home,18,Supplier X,42.81481543994857,4.475236286525798,85,SKU003,Warehouse A,Brand X,125.8746219792629,7
2138,Product A,Home,20,Supplier Z,15.41777196144757,3.777177112571784,56,SKU001,Warehouse B,Brand X,193.0767585850893,15
2139,Product A,Clothing,82,Supplier Z,41.0835632184008,1.744200131234798,93,SKU003,Warehouse A,Brand Y,122.4514442048881,7
2140,Product C,Clothing,11,Supplier Y,28.29668743460236,1.124113769672129,99,SKU001,Warehouse A,Brand Y,348.1108146671502,15
2141,Product A,Home,86,Supplier Y,15.02647748585735,4.458626430944054,91,SKU002,Warehouse B,Brand Z,964.9766270608478,7
2142,Product A,Clothing,44,Supplier Z,14.75630220030386,2.585322614944492,34,SKU003,Warehouse B,Brand Z,514.1303129438072,15
2143,Product A,Clothing,82,Supplier Z,18.05687585528623,2.05545950415968,65,SKU003,Warehouse A,Brand Y,631.28046363194,15
2144,Product C,Clothing,64,Supplier Y,31.13466213099877,3.246691835355778,55,SKU003,Warehouse A,Brand Z,362.8226137377979,30
2145,Product B,Electronics,34,Supplier X,11.54058656799746,2.683594089902877,99,SKU001,Warehouse A,Brand X,330.2528840267146,15
2146,Product B,Clothing,87,Supplier X,46.01667808361337,3.606663982750228,81,SKU002,Warehouse C,Brand Y,32.91530419585827,30
2147,Product A,Electronics,65,Supplier Z,28.74562920889502,2.935172932218054,42,SKU003,Warehouse C,Brand Y,505.3303191192622,15
2148,Product B,Clothing,55,Supplier Z,46.00078884980034,3.788932561761083,72,SKU002,Warehouse A,Brand Z,488.7729166841496,7
2149,Product C,Home,74,Supplier Y,2.320217928957735,4.413693078036571,91,SKU003,Warehouse C,Brand Y,166.2524189193118,7
2150,Product C,Electronics,1,Supplier Z,17.13056852307367,1.782228043823156,71,SKU001,Warehouse A,Brand X,766.6807602046366,30
2151,Product B,Electronics,38,Supplier X,1.140383034381154,2.317731522261947,7,SKU002,Warehouse A,Brand Y,497.7475870078929,15
2152,Product B,Clothing,9,Supplier Y,13.61259075489849,2.747262346282556,4,SKU002,Warehouse B,Brand X,345.6040304599575,30
2153,Product A,Clothing,95,Supplier Y,43.10032361342941,4.848233792110553,12,SKU003,Warehouse A,Brand Y,155.4398199326977,7
2154,Product B,Electronics,71,Supplier X,1.830485792110043,2.461334454189941,6,SKU002,Warehouse B,Brand Y,556.6392187013023,15
2155,Product A,Home,17,Supplier X,21.80735499578724,2.524399398370518,20,SKU001,Warehouse B,Brand Y,755.2888558279217,30
2156,Product A,Home,99,Supplier Y,5.87835352366139,3.613890091838245,92,SKU002,Warehouse A,Brand Z,289.1793591581219,7
2157,Product C,Clothing,52,Supplier Z,20.84203296301839,2.676798839559797,36,SKU002,Warehouse C,Brand Z,226.6064080609553,7
2158,Product C,Home,18,Supplier X,41.94257921321886,4.804894982558421,44,SKU002,Warehouse A,Brand X,526.7156144239312,15
2159,Product C,Home,63,Supplier Y,31.15355167012596,4.577875041901775,51,SKU002,Warehouse A,Brand Z,163.7898694849168,15
2160,Product C,Clothing,33,Supplier Z,36.83781726657116,3.053635111102692,47,SKU003,Warehouse C,Brand Y,669.947252728342,15
2161,Product B,Home,4,Supplier Z,17.45520577247905,3.579100935791399,61,SKU003,Warehouse B,Brand Z,609.2901916647882,30
2162,Product C,Clothing,87,Supplier Y,47.21988475050708,1.232122247534482,77,SKU002,Warehouse C,Brand Z,96.21122909551434,30
2163,Product B,Electronics,75,Supplier X,35.46310468897501,3.782922112129592,50,SKU002,Warehouse A,Brand X,46.15517558756013,15
2164,Product C,Clothing,52,Supplier Z,21.08994096422655,3.828803491796129,3,SKU001,Warehouse A,Brand Y,624.085766062699,15
2165,Product B,Electronics,9,Supplier X,21.32324001135274,2.436797182572832,85,SKU003,Warehouse C,Brand X,301.3508362488534,15
2166,Product A,Electronics,64,Supplier Y,45.93420889716488,1.878731534501091,55,SKU003,Warehouse C,Brand Z,95.58129564166455,7
2167,Product B,Home,30,Supplier X,28.82023467176959,4.660313607268067,74,SKU003,Warehouse C,Brand Y,761.8344179069217,15
2168,Product B,Home,8,Supplier Z,35.31896049515208,2.706819603220511,33,SKU002,Warehouse B,Brand X,320.9035629874677,30
2169,Product C,Home,5,Supplier Y,20.85176122565854,3.614824419206843,44,SKU003,Warehouse C,Brand X,465.0035541418413,7
2170,Product B,Clothing,76,Supplier Z,11.18463823823571,1.133315179905024,15,SKU001,Warehouse A,Brand Y,244.4447981792316,15
2171,Product A,Home,63,Supplier Z,36.17796459972093,2.656268666307345,8,SKU001,Warehouse C,Brand X,631.0439075743849,30
2172,Product A,Electronics,1,Supplier Y,30.39118860706939,4.269035244055519,79,SKU001,Warehouse A,Brand X,308.4735312008158,7
2173,Product C,Home,15,Supplier Y,25.06714402123897,2.55030400160286,15,SKU001,Warehouse B,Brand X,968.3407516153521,7
2174,Product A,Home,89,Supplier X,31.20104699972319,3.412644640547507,94,SKU001,Warehouse B,Brand Z,705.9180731307375,30
2175,Product B,Clothing,82,Supplier Y,10.41427930321168,1.839423201938158,30,SKU003,Warehouse C,Brand X,145.3550536097311,30
2176,Product A,Clothing,38,Supplier X,39.69693532659782,2.666102595358238,12,SKU002,Warehouse A,Brand Z,422.5278912767321,7
2177,Product C,Electronics,42,Supplier Y,47.40814025101529,4.710550872212746,4,SKU002,Warehouse B,Brand X,391.5668887325798,30
2178,Product B,Clothing,46,Supplier Z,44.55515720838514,3.265806998804149,46,SKU002,Warehouse C,Brand X,538.9046396131793,7
2179,Product C,Home,53,Supplier X,16.07178726535086,4.607725836371726,38,SKU002,Warehouse B,Brand X,843.5113677344608,7
2180,Product B,Clothing,26,Supplier Y,20.30028866410379,4.608077197958173,17,SKU003,Warehouse C,Brand X,587.5877950311717,7
2181,Product A,Electronics,61,Supplier X,40.42011498987806,4.776591201697919,19,SKU003,Warehouse A,Brand Y,70.94111082399928,7
2182,Product C,Home,67,Supplier X,29.75585654123019,4.581566640320421,1,SKU003,Warehouse C,Brand Z,658.8615398348265,15
2183,Product C,Electronics,54,Supplier X,27.39572218383246,1.013124516041203,39,SKU001,Warehouse A,Brand Y,18.18264496639981,30
2184,Product B,Clothing,22,Supplier Z,46.33209837667226,4.736059566326388,29,SKU002,Warehouse B,Brand Y,782.1608559349891,15
2185,Product C,Clothing,26,Supplier Y,26.80124804885254,1.549837756341506,9,SKU003,Warehouse A,Brand Y,669.9697116871296,15
2186,Product B,Electronics,83,Supplier Y,25.74693397936549,1.159705004444602,63,SKU003,Warehouse A,Brand Y,315.6978017690601,15
2187,Product B,Home,60,Supplier X,2.100929563317982,1.221554138312211,41,SKU003,Warehouse B,Brand X,299.5173865436206,15
2188,Product B,Clothing,39,Supplier Y,3.470847929506882,2.395664780705734,74,SKU002,Warehouse A,Brand X,800.2902665808425,7
2189,Product B,Clothing,36,Supplier Z,0.3710153940325089,3.483216341075174,52,SKU002,Warehouse A,Brand Y,785.5033250053743,7
2190,Product A,Home,21,Supplier X,45.66221128918168,2.60924478607599,92,SKU001,Warehouse C,Brand Y,358.7793308329923,7
2191,Product B,Clothing,41,Supplier Z,20.41933300088503,1.102217138597518,52,SKU001,Warehouse A,Brand Z,305.9582507989825,7
2192,Product C,Electronics,48,Supplier Z,23.42806880667063,2.905930536698859,39,SKU001,Warehouse C,Brand Y,564.2265409939621,15
2193,Product A,Clothing,26,Supplier Y,42.2693473796231,2.76852296908152,15,SKU002,Warehouse A,Brand X,18.28200338430274,7
2194,Product C,Clothing,63,Supplier Y,30.46231551878889,4.027397062006587,47,SKU001,Warehouse B,Brand Z,91.84036760667686,15
2195,Product A,Home,77,Supplier X,30.47507981952905,2.118451593701753,60,SKU001,Warehouse A,Brand Y,134.9078942472494,7
2196,Product B,Electronics,36,Supplier Z,14.82672146774062,1.870124695177469,91,SKU003,Warehouse A,Brand Z,193.5576996489025,30
2197,Product A,Home,24,Supplier Y,41.69541869622596,2.023755830706505,80,SKU002,Warehouse A,Brand Y,516.8979454087143,30
2198,Product A,Clothing,90,Supplier X,8.29149880197469,2.214959290519392,37,SKU001,Warehouse C,Brand Z,992.3194957125108,30
2199,Product C,Clothing,21,Supplier X,2.657479608647395,3.396659493468666,43,SKU001,Warehouse B,Brand Z,656.08726772988,30
2200,Product C,Home,18,Supplier Y,9.580167875926616,2.886101941808319,14,SKU002,Warehouse B,Brand X,70.68580650473136,7
2201,Product B,Home,15,Supplier Z,13.38686093872824,2.347578260716232,94,SKU001,Warehouse A,Brand Z,530.3235803216194,30
2202,Product A,Home,79,Supplier X,14.11555289271034,2.497256633134714,60,SKU002,Warehouse A,Brand Y,501.6787602656094,30
2203,Product A,Electronics,6,Supplier Y,33.52567993093838,2.483694640635905,6,SKU002,Warehouse C,Brand Z,152.726137659869,15
2204,Product A,Clothing,43,Supplier X,10.89122936643218,4.88962677884127,29,SKU002,Warehouse B,Brand Y,921.0696451143837,30
2205,Product B,Home,31,Supplier Y,33.83291522474923,1.93198795221181,35,SKU001,Warehouse A,Brand Y,446.3575951986153,7
2206,Product B,Clothing,28,Supplier X,4.556608661689987,4.272246241089034,89,SKU001,Warehouse A,Brand X,994.6135492036423,15
2207,Product B,Electronics,8,Supplier Z,7.360123054895451,3.832843350352748,10,SKU001,Warehouse B,Brand Z,425.8715722996427,7
2208,Product B,Electronics,29,Supplier X,25.44107242454975,1.022280022414202,69,SKU002,Warehouse A,Brand X,611.8781256567731,15
2209,Product B,Electronics,21,Supplier Y,46.09479012883213,4.972704872501952,28,SKU001,Warehouse A,Brand Y,113.7149110869257,7
2210,Product C,Electronics,81,Supplier Y,42.9783794405557,4.025757482534294,91,SKU003,Warehouse B,Brand Z,459.6855455688005,30
2211,Product A,Clothing,88,Supplier Y,48.43767212214016,3.729798345403165,78,SKU002,Warehouse C,Brand Z,246.3782350639336,15
2212,Product A,Electronics,58,Supplier Z,32.52395326390855,2.621298830706549,92,SKU001,Warehouse A,Brand Y,837.2091505855227,30
2213,Product A,Electronics,60,Supplier Y,33.7907433208046,3.220812355657158,5,SKU002,Warehouse A,Brand X,786.0803890188645,7
2214,Product A,Home,50,Supplier Y,31.2511499465746,2.013083582669881,75,SKU001,Warehouse B,Brand X,825.9381996291049,7
2215,Product A,Electronics,31,Supplier Z,31.14094614290986,1.14193362058279,50,SKU002,Warehouse B,Brand Z,726.3733433803719,15
2216,Product A,Home,47,Supplier Y,7.356017253379232,4.344086633783892,79,SKU003,Warehouse C,Brand X,834.3563913838507,7
2217,Product A,Electronics,34,Supplier Y,27.18694780819643,4.585937974724686,37,SKU002,Warehouse C,Brand Z,208.8204626731716,7
2218,Product A,Electronics,2,Supplier Z,19.30339667258629,1.64988254645696,72,SKU002,Warehouse A,Brand X,457.5233388140036,15
2219,Product C,Home,67,Supplier X,22.12686078886467,4.148224383382932,21,SKU002,Warehouse C,Brand Y,694.9284111465084,30
2220,Product A,Electronics,94,Supplier Y,26.18002865296187,3.964610693142635,96,SKU001,Warehouse C,Brand Y,641.0185729557835,15
2221,Product C,Clothing,72,Supplier X,6.41980859011258,1.713500007744362,89,SKU002,Warehouse C,Brand Y,719.1909380453461,7
2222,Product B,Clothing,52,Supplier Z,17.97438669260599,2.687315210299175,53,SKU001,Warehouse A,Brand Z,232.0157993197194,7
2223,Product A,Electronics,7,Supplier Y,3.172478043830179,2.691031683336413,39,SKU002,Warehouse C,Brand Z,107.4503619545398,15
2224,Product B,Clothing,76,Supplier Y,48.98340652111995,4.039857033220994,6,SKU001,Warehouse C,Brand Y,917.6385122940286,15
2225,Product B,Home,19,Supplier Z,5.926401441006307,4.350643623104222,95,SKU001,Warehouse C,Brand Y,564.5701766116849,30
2226,Product B,Electronics,90,Supplier Y,12.92623692724773,1.379100485565484,39,SKU001,Warehouse B,Brand X,162.2876652623368,7
2227,Product C,Electronics,92,Supplier X,44.56464633516986,3.251876939616812,23,SKU001,Warehouse C,Brand Y,795.5022160684879,7
2228,Product B,Home,15,Supplier X,24.13550231195709,4.046993987715541,40,SKU002,Warehouse C,Brand Y,915.7806372629898,30
2229,Product B,Home,78,Supplier Z,6.781860076031515,4.144762376260633,50,SKU002,Warehouse B,Brand Y,177.867883385398,15
2230,Product B,Home,48,Supplier Y,19.21152690196745,1.591974097721636,38,SKU001,Warehouse B,Brand Z,819.2383307164195,15
2231,Product A,Electronics,14,Supplier Y,5.793399709569291,3.102020572603176,82,SKU001,Warehouse A,Brand Z,933.892810705937,30
2232,Product A,Home,3,Supplier Z,10.01079985422509,4.430234825450812,42,SKU001,Warehouse A,Brand Y,938.9779842930571,15
2233,Product C,Home,50,Supplier X,2.601492347492251,2.274074306341137,68,SKU003,Warehouse B,Brand X,915.0148970369662,30
2234,Product C,Clothing,93,Supplier X,21.911374727455,2.700467595647189,93,SKU003,Warehouse A,Brand X,550.9568022365017,15
2235,Product A,Clothing,54,Supplier Z,40.33180608626299,4.21743404534533,58,SKU002,Warehouse C,Brand Y,362.6492040813305,15
2236,Product C,Electronics,6,Supplier Y,29.29845893499478,1.357278084735049,24,SKU003,Warehouse A,Brand Z,17.20007961706919,15
2237,Product A,Clothing,49,Supplier X,30.31726527423059,4.437973159555913,93,SKU003,Warehouse C,Brand Y,70.30310460281181,30
2238,Product B,Clothing,23,Supplier Y,10.02920150416202,2.244626866923236,24,SKU001,Warehouse C,Brand X,434.5506251444168,30
2239,Product B,Home,92,Supplier X,17.19469216261832,1.005801266364509,72,SKU001,Warehouse C,Brand Z,405.3328849275952,30
2240,Product C,Home,78,Supplier Y,42.2621051920416,1.936636580225433,90,SKU003,Warehouse B,Brand Z,192.8667704741844,7
2241,Product A,Clothing,78,Supplier X,4.392809216325727,1.358002563582026,23,SKU003,Warehouse A,Brand Z,401.5252277513403,7
2242,Product A,Clothing,20,Supplier Y,42.89653268342668,1.369539627984977,61,SKU003,Warehouse A,Brand Y,182.9035648008144,30
2243,Product C,Clothing,77,Supplier Z,24.18450131323928,3.771342936570366,42,SKU001,Warehouse B,Brand Y,850.3033402480821,7
2244,Product A,Electronics,91,Supplier X,41.85737156625586,1.855905342556259,58,SKU002,Warehouse B,Brand Y,305.2129290968429,7
2245,Product B,Electronics,60,Supplier Z,15.90032096972002,4.73896945190793,53,SKU003,Warehouse A,Brand X,602.5787066567269,15
2246,Product C,Electronics,99,Supplier X,16.94214757915104,3.065778186365216,78,SKU002,Warehouse B,Brand Z,507.8146313790959,15
2247,Product C,Clothing,45,Supplier X,37.58024341615714,2.840393031819674,25,SKU002,Warehouse B,Brand Z,61.36325681805229,15
2248,Product A,Clothing,61,Supplier X,39.24980866961101,2.737134072880607,53,SKU003,Warehouse C,Brand X,942.8113822962546,7
2249,Product C,Electronics,56,Supplier Y,11.48223389950734,3.770350558686527,60,SKU002,Warehouse C,Brand X,531.9537184679785,7
2250,Product A,Electronics,2,Supplier X,48.64356624109528,2.809051050094434,93,SKU001,Warehouse C,Brand Z,331.8070669578972,30
2251,Product A,Clothing,45,Supplier Z,4.224505212241447,1.514401424900767,74,SKU003,Warehouse B,Brand Z,166.5453039367376,7
2252,Product A,Home,40,Supplier Y,3.425148155106545,4.520688722563026,92,SKU003,Warehouse B,Brand X,345.1413683795674,7
2253,Product A,Electronics,24,Supplier Y,29.77521076430514,2.713581395702635,78,SKU003,Warehouse C,Brand Y,30.30648699315561,30
2254,Product A,Clothing,29,Supplier X,36.13703838858108,1.29601830279801,43,SKU003,Warehouse C,Brand Y,369.9225737948148,30
2255,Product C,Clothing,67,Supplier Y,48.04430646124869,3.117463949991044,8,SKU001,Warehouse A,Brand Y,536.1710680314598,30
2256,Product B,Home,68,Supplier X,20.24728903994308,3.589387433822814,41,SKU001,Warehouse C,Brand X,873.1475833924353,15
2257,Product B,Clothing,66,Supplier Z,1.264570449481656,2.102329856631034,28,SKU002,Warehouse C,Brand Z,690.5006735208196,30
2258,Product C,Clothing,84,Supplier Y,30.14481697232035,4.201361630695369,78,SKU003,Warehouse A,Brand X,120.466490001909,15
2259,Product C,Electronics,54,Supplier Y,14.48480102993859,3.679103384149455,80,SKU003,Warehouse A,Brand Y,156.2688611935815,7
2260,Product B,Electronics,53,Supplier Z,21.64735605977011,3.601364677057734,79,SKU002,Warehouse A,Brand Y,433.8421341401909,7
2261,Product B,Home,79,Supplier Z,24.42347411249676,2.683299811471177,57,SKU001,Warehouse A,Brand Y,203.7506741224,15
2262,Product B,Home,49,Supplier X,3.225630536901691,4.847661205645151,85,SKU003,Warehouse B,Brand X,37.5712798069282,15
2263,Product B,Clothing,32,Supplier Y,24.29908922820514,2.096756671796991,62,SKU002,Warehouse A,Brand X,806.9647313168895,15
2264,Product B,Electronics,61,Supplier Z,21.31598334021574,3.31082200406181,48,SKU001,Warehouse A,Brand Y,29.32734499101418,7
2265,Product A,Home,42,Supplier Y,35.62721326432966,2.23622062989047,10,SKU002,Warehouse B,Brand Y,832.3827091460339,7
2266,Product C,Home,1,Supplier Z,32.28329556061723,3.979219011886216,88,SKU002,Warehouse A,Brand Z,152.6629234026364,30
2267,Product A,Home,63,Supplier Y,9.260785907528051,1.191165935480486,53,SKU001,Warehouse A,Brand X,974.931626699045,30
2268,Product B,Clothing,35,Supplier Z,10.30694591051985,1.183575471500197,29,SKU003,Warehouse A,Brand Z,607.8351727079282,7
2269,Product B,Electronics,51,Supplier Y,12.55030893871866,4.243443878075166,65,SKU001,Warehouse B,Brand Y,737.6331419135965,30
2270,Product B,Home,71,Supplier X,8.947522014858865,2.737072644254684,64,SKU003,Warehouse C,Brand Y,119.3787916883842,30
2271,Product A,Electronics,45,Supplier Y,32.86065998342336,2.364720218401423,57,SKU001,Warehouse A,Brand Y,863.4830327169653,15
2272,Product A,Home,77,Supplier X,49.72150896001353,3.430107448701354,56,SKU003,Warehouse A,Brand Z,840.800419442823,7
2273,Product B,Home,65,Supplier X,32.60541702579683,3.807597375475894,36,SKU003,Warehouse A,Brand X,656.4628042263005,15
2274,Product A,Electronics,14,Supplier X,30.33407730956456,1.804805387377626,53,SKU002,Warehouse A,Brand X,507.2521159494335,7
2275,Product A,Electronics,93,Supplier Y,20.49639666755362,1.741724965618926,72,SKU002,Warehouse B,Brand Z,724.2742814003558,7
2276,Product B,Electronics,3,Supplier Y,15.62901294298804,4.832602991039526,68,SKU003,Warehouse C,Brand X,15.86893318350937,15
2277,Product A,Clothing,24,Supplier X,45.55368784532396,3.358657225538277,23,SKU001,Warehouse A,Brand Z,596.5163478444748,7
2278,Product C,Home,65,Supplier Z,48.45009370710765,2.560465909177073,62,SKU003,Warehouse A,Brand Z,848.9320735799442,15
2279,Product C,Clothing,48,Supplier Y,24.83880877938639,4.205766778678026,90,SKU001,Warehouse B,Brand X,363.3308883030073,15
2280,Product C,Electronics,10,Supplier Y,14.51002477532787,3.100635835111669,93,SKU003,Warehouse C,Brand X,117.2064629180877,7
2281,Product C,Home,13,Supplier Y,38.50611038348838,1.966651241498325,50,SKU001,Warehouse C,Brand Z,426.6684772457741,7
2282,Product B,Clothing,73,Supplier Y,6.622839543343923,1.826941222566295,14,SKU002,Warehouse C,Brand X,729.8334045679219,15
2283,Product B,Home,14,Supplier X,38.27941188218408,2.587437064679287,46,SKU001,Warehouse A,Brand X,116.2281982669658,30
2284,Product B,Clothing,10,Supplier Z,40.94741871556693,4.439583441039519,72,SKU002,Warehouse A,Brand Z,213.9880746107611,30
2285,Product C,Electronics,40,Supplier Z,6.245197231358368,1.245791664177036,45,SKU001,Warehouse A,Brand Y,156.0763283604129,7
2286,Product C,Clothing,23,Supplier Z,48.84307343982819,1.874104003019053,29,SKU002,Warehouse B,Brand Z,798.9782780194727,7
2287,Product A,Home,99,Supplier Z,49.27561451942392,4.572607275410366,78,SKU001,Warehouse B,Brand X,72.26369622796196,30
2288,Product A,Home,55,Supplier X,46.83597396636756,1.486938275877002,19,SKU003,Warehouse B,Brand Y,689.7206370932886,7
2289,Product C,Home,63,Supplier Y,24.80174047031322,3.518502873056673,56,SKU001,Warehouse A,Brand X,372.7923515456595,7
2290,Product C,Home,71,Supplier Y,12.30370711384142,1.8540454724841,48,SKU002,Warehouse A,Brand Z,758.2333304564493,30
2291,Product C,Electronics,42,Supplier X,29.10046404409565,3.423467390047553,55,SKU002,Warehouse A,Brand Z,964.7395845961972,7
2292,Product C,Clothing,99,Supplier Y,20.99669192357179,2.532416667376928,55,SKU001,Warehouse C,Brand Z,123.3998465906175,30
2293,Product A,Electronics,66,Supplier X,10.29743223585985,1.406707585723967,24,SKU003,Warehouse B,Brand Y,321.2411906567839,30
2294,Product C,Electronics,79,Supplier Z,21.18382048089238,3.329900270216426,8,SKU001,Warehouse B,Brand X,812.0241734416684,30
2295,Product A,Electronics,73,Supplier X,33.19449178387953,3.732170988338344,21,SKU001,Warehouse C,Brand Y,273.4968021906647,7
2296,Product C,Home,47,Supplier Y,3.545665539299553,3.721090475863211,76,SKU002,Warehouse C,Brand Z,222.9693910755805,15
2297,Product C,Home,81,Supplier Y,16.67090007230082,3.548137636290838,36,SKU003,Warehouse C,Brand X,827.124198090282,15
2298,Product C,Home,52,Supplier Y,0.8897445006412597,3.000899123742183,27,SKU003,Warehouse A,Brand Z,987.2115403659105,15
2299,Product A,Clothing,18,Supplier Z,37.47477527308378,3.077890467437303,13,SKU003,Warehouse C,Brand X,561.3117842464861,7
2300,Product A,Home,79,Supplier X,32.03456338083504,3.542560439231838,29,SKU003,Warehouse A,Brand Y,285.2682608500058,7
2301,Product B,Clothing,18,Supplier X,3.133606735098293,3.761037446986564,38,SKU001,Warehouse A,Brand Y,404.5803019840534,7
2302,Product C,Home,24,Supplier Y,48.23687798009839,3.61950695532554,56,SKU003,Warehouse B,Brand Y,178.4290241097729,7
2303,Product B,Home,23,Supplier X,1.131077856355034,3.347782259653807,4,SKU003,Warehouse C,Brand Y,764.2684061018449,15
2304,Product B,Electronics,12,Supplier Y,29.49803232380443,1.623355939216474,11,SKU003,Warehouse A,Brand X,775.7392776445403,30
2305,Product A,Electronics,23,Supplier X,38.81837308995279,1.842466153971447,34,SKU002,Warehouse A,Brand X,876.3697824586694,7
2306,Product A,Electronics,21,Supplier Z,39.39481565223615,2.040896084141393,40,SKU002,Warehouse C,Brand Y,36.33653796059824,7
2307,Product B,Clothing,64,Supplier Z,1.714256779660189,4.678646628350009,62,SKU002,Warehouse A,Brand Y,566.3615282101155,7
2308,Product C,Clothing,90,Supplier X,45.32075663202196,4.037580367187866,41,SKU003,Warehouse A,Brand X,222.1128799997526,30
2309,Product A,Home,72,Supplier Z,45.92258359635611,3.211467278147513,64,SKU001,Warehouse A,Brand Z,347.4741853374335,15
2310,Product C,Clothing,94,Supplier Z,28.06951865771864,2.008227714176187,64,SKU001,Warehouse C,Brand Y,787.1060591336424,7
2311,Product C,Home,34,Supplier Z,24.10415994435731,1.443566092976685,42,SKU002,Warehouse A,Brand X,200.1133158378812,15
2312,Product B,Clothing,2,Supplier Y,2.243373153129991,4.595036903919899,59,SKU002,Warehouse B,Brand Y,641.9583330752788,7
2313,Product B,Clothing,69,Supplier X,28.09770712549343,4.570664063291668,19,SKU003,Warehouse C,Brand X,658.0205293113622,15
2314,Product B,Clothing,31,Supplier X,20.46895408851154,1.442782382782766,97,SKU002,Warehouse B,Brand Y,954.5529757532777,7
2315,Product B,Electronics,97,Supplier Y,38.6403203704328,4.188866664385984,97,SKU002,Warehouse B,Brand Y,777.4093192436477,15
2316,Product A,Clothing,68,Supplier Y,20.19417834430439,2.786580277239651,62,SKU002,Warehouse B,Brand Z,805.5987956821565,7
2317,Product A,Electronics,70,Supplier Z,34.17904166623549,2.29586773132216,23,SKU002,Warehouse A,Brand Z,536.2847415277145,7
2318,Product B,Electronics,87,Supplier X,5.07040731187654,3.956418144834829,91,SKU001,Warehouse A,Brand Z,194.912999090747,15
2319,Product A,Clothing,19,Supplier Y,6.647613538298347,3.457318164242922,74,SKU003,Warehouse B,Brand Z,431.3077320611681,15
2320,Product B,Home,72,Supplier Z,6.985509532457917,4.120120430373349,71,SKU001,Warehouse B,Brand Y,553.9946777767021,30
2321,Product C,Home,13,Supplier X,2.276274989987176,1.297315442531748,34,SKU002,Warehouse C,Brand Y,681.6350591965752,30
2322,Product C,Home,65,Supplier Z,27.06644296349019,2.274348079829826,40,SKU003,Warehouse B,Brand Z,611.632020713608,30
2323,Product C,Clothing,6,Supplier X,39.6983863021818,2.277267401666943,15,SKU003,Warehouse A,Brand Z,400.0380506280711,30
2324,Product B,Home,71,Supplier Z,30.5205601846833,2.319012369151062,79,SKU001,Warehouse B,Brand Y,272.659975925883,15
2325,Product C,Electronics,27,Supplier X,28.74774427764281,3.009919490575222,5,SKU001,Warehouse B,Brand X,176.5485347716462,30
2326,Product A,Home,79,Supplier X,34.03119642013682,2.132055212323789,19,SKU002,Warehouse C,Brand Z,696.9069324095436,7
2327,Product C,Clothing,52,Supplier X,16.98226615360074,2.777534440350079,55,SKU001,Warehouse B,Brand X,648.9446875693601,15
2328,Product C,Home,98,Supplier X,18.09770358241144,2.471110372461663,74,SKU002,Warehouse C,Brand Y,690.4987411002286,7
2329,Product C,Electronics,87,Supplier Z,15.71350491104613,3.941184192082045,7,SKU002,Warehouse C,Brand X,378.8021782747669,30
2330,Product A,Clothing,48,Supplier Y,35.60544664267878,3.4140031827002,83,SKU002,Warehouse B,Brand Z,269.7837443450376,30
2331,Product B,Home,88,Supplier X,8.082016783538714,3.614517729269262,95,SKU003,Warehouse B,Brand Z,762.1241153941161,30
2332,Product A,Clothing,79,Supplier X,0.651264015646219,1.842335576330578,96,SKU003,Warehouse A,Brand Z,775.9109211047808,15
2333,Product B,Clothing,99,Supplier X,29.80982233612462,2.302008661307557,5,SKU001,Warehouse A,Brand Z,461.0602102271722,7
2334,Product B,Clothing,68,Supplier X,47.11906823671027,1.084661790448297,91,SKU001,Warehouse C,Brand Z,615.7850439196509,7
2335,Product C,Home,44,Supplier Z,30.47039584981523,1.43349882917268,7,SKU003,Warehouse C,Brand Y,379.7844675894238,15
2336,Product B,Clothing,17,Supplier Y,39.14608264704476,2.060216927955549,61,SKU001,Warehouse A,Brand X,704.9277281186087,30
2337,Product A,Home,95,Supplier Y,33.63953547330151,1.261854885208084,13,SKU002,Warehouse C,Brand Y,837.3643806813925,30
2338,Product A,Electronics,38,Supplier Y,24.87183267615081,3.41052960141881,2,SKU002,Warehouse A,Brand Y,691.350944562293,15
2339,Product B,Home,10,Supplier Z,35.9196200891923,4.992520463695302,1,SKU003,Warehouse C,Brand Y,517.4568005786651,7
2340,Product C,Electronics,54,Supplier Y,41.20520619276109,1.403260856261554,21,SKU001,Warehouse A,Brand X,464.0713798974466,7
2341,Product C,Home,91,Supplier Z,11.2365822085849,4.284920850677061,96,SKU001,Warehouse A,Brand X,645.8964544659868,7
2342,Product A,Clothing,6,Supplier Z,16.80652402415728,1.475264989060589,84,SKU003,Warehouse C,Brand Y,683.0127826853169,7
2343,Product C,Home,6,Supplier X,11.18628662516419,3.679656075185744,69,SKU002,Warehouse C,Brand X,563.1421490892936,30
2344,Product B,Clothing,52,Supplier Z,22.60864777952205,3.572630412236069,70,SKU002,Warehouse C,Brand Y,628.692852356321,30
2345,Product B,Electronics,15,Supplier Y,44.25322754583338,4.610867739244798,5,SKU001,Warehouse B,Brand Y,105.6227956695869,15
2346,Product A,Home,68,Supplier Y,17.26035504176662,1.455782454722049,49,SKU003,Warehouse B,Brand Z,952.2478609809035,15
2347,Product B,Clothing,57,Supplier Y,18.72334445652767,2.261777864327591,43,SKU003,Warehouse C,Brand X,792.8653330947137,15
2348,Product A,Electronics,56,Supplier X,43.01836173359659,1.363119041418743,7,SKU002,Warehouse C,Brand Z,380.188591009716,30
2349,Product B,Electronics,7,Supplier X,25.76871653723376,2.629533303217735,23,SKU002,Warehouse C,Brand Y,567.1844848440937,30
2350,Product A,Home,51,Supplier X,26.77244998237172,4.646372694229779,26,SKU001,Warehouse C,Brand Y,56.85128483505714,30
2351,Product C,Electronics,58,Supplier Z,43.04006016661064,4.126092604247424,52,SKU003,Warehouse A,Brand Y,50.81553585906979,15
2352,Product B,Clothing,64,Supplier Y,24.52633685127366,3.891600401781277,50,SKU001,Warehouse B,Brand Z,258.2903517608431,30
2353,Product B,Electronics,26,Supplier Z,34.07787673146976,3.132110019450808,27,SKU001,Warehouse C,Brand Z,692.8046259409771,7
2354,Product A,Electronics,58,Supplier Z,4.282233293703036,4.533942969342092,58,SKU003,Warehouse B,Brand Y,853.6262703220116,30
2355,Product A,Clothing,31,Supplier Y,8.931585656344264,2.797767192965313,68,SKU003,Warehouse B,Brand Z,563.5940211800499,7
2356,Product B,Electronics,66,Supplier X,20.21881003581228,1.598742668402553,82,SKU002,Warehouse A,Brand Y,536.8114121865289,7
2357,Product A,Electronics,92,Supplier Y,24.74195339099374,4.350340892483117,72,SKU003,Warehouse C,Brand Y,408.2864384535513,7
2358,Product B,Electronics,13,Supplier Z,48.28668506181148,2.118553312206907,24,SKU001,Warehouse B,Brand Z,169.981976398441,30
2359,Product C,Electronics,18,Supplier Z,48.5325816523895,1.214534164097792,43,SKU001,Warehouse A,Brand X,127.1705603133216,15
2360,Product A,Clothing,94,Supplier X,42.55985437393808,1.504152122675166,46,SKU003,Warehouse C,Brand Y,763.0729636087564,7
2361,Product B,Electronics,75,Supplier Z,15.77994176427873,3.436235664776593,12,SKU001,Warehouse C,Brand Y,928.2285157836099,7
2362,Product C,Clothing,13,Supplier Z,48.20141454162199,3.42832785568469,52,SKU003,Warehouse B,Brand Z,463.7003842224104,30
2363,Product C,Electronics,24,Supplier Y,34.46704323381063,2.040732684328138,52,SKU002,Warehouse A,Brand Z,662.8512021284819,30
2364,Product B,Electronics,57,Supplier X,19.64700639087002,3.908720591783916,36,SKU002,Warehouse A,Brand Z,915.3130743721318,7
2365,Product A,Electronics,29,Supplier Y,35.08374584923832,4.094560621598138,62,SKU003,Warehouse A,Brand Y,99.21249660480309,15
2366,Product B,Electronics,56,Supplier Y,0.826136489326329,4.682010504534473,65,SKU001,Warehouse A,Brand X,772.7766385878396,30
2367,Product C,Clothing,54,Supplier Y,7.307734113710679,3.339749994712948,39,SKU003,Warehouse C,Brand X,620.6487155318193,7
2368,Product B,Clothing,5,Supplier Z,41.48428557781838,4.117693456590292,77,SKU003,Warehouse B,Brand X,602.6508070415628,15
2369,Product A,Clothing,35,Supplier Z,32.27868184365856,4.012398719086535,60,SKU002,Warehouse B,Brand Y,299.6150241967541,30
2370,Product C,Home,19,Supplier X,18.2097350645942,2.031236193868772,94,SKU003,Warehouse A,Brand Z,687.0544212299001,15
2371,Product B,Electronics,55,Supplier Z,25.03333201113594,2.240903711750637,5,SKU002,Warehouse A,Brand X,796.8497772725688,7
2372,Product A,Electronics,77,Supplier X,45.25710748228835,2.913929583011486,24,SKU002,Warehouse A,Brand X,121.7295832942602,15
2373,Product C,Clothing,69,Supplier Y,31.57890547395433,1.076155870116994,45,SKU003,Warehouse B,Brand X,538.186216671174,7
2374,Product A,Home,44,Supplier Y,19.90746419671651,2.189591092630894,30,SKU003,Warehouse C,Brand Y,110.2525291775356,30
2375,Product C,Electronics,78,Supplier Z,6.01633286987675,2.895531493376952,79,SKU003,Warehouse C,Brand Z,873.8482791046681,7
2376,Product B,Clothing,38,Supplier Z,14.68734008127805,1.432277181124575,62,SKU003,Warehouse A,Brand Z,512.5603554297838,7
2377,Product A,Electronics,62,Supplier X,48.91701163982917,1.505103551100502,90,SKU002,Warehouse C,Brand Z,809.8860323681498,30
2378,Product C,Electronics,22,Supplier Z,21.86815314258887,2.852946942949365,93,SKU003,Warehouse C,Brand Z,374.4047812895521,7
2379,Product A,Clothing,73,Supplier Z,23.59197319224304,3.923860126343725,67,SKU002,Warehouse B,Brand X,133.8274445481622,15
2380,Product A,Clothing,40,Supplier Z,24.92990161985077,4.334995723682733,38,SKU002,Warehouse A,Brand Z,51.08431134185436,30
2381,Product B,Electronics,26,Supplier Y,44.20520114741056,3.185255590018994,79,SKU001,Warehouse C,Brand X,288.6945245646518,15
2382,Product A,Electronics,5,Supplier Z,30.1964142192655,2.898995950186924,35,SKU002,Warehouse A,Brand Y,251.7913633604378,30
2383,Product C,Clothing,93,Supplier Z,34.6838518225961,2.537122273839021,6,SKU001,Warehouse A,Brand Y,564.7484542797622,7
2384,Product C,Electronics,54,Supplier Y,19.4706771274552,1.771795969750425,84,SKU003,Warehouse C,Brand Y,31.52144968307028,15
2385,Product C,Electronics,86,Supplier Y,1.454380929448718,1.586248011257459,65,SKU001,Warehouse B,Brand Z,525.3648388561817,30
2386,Product C,Clothing,49,Supplier Y,46.54864571214222,4.167585806647232,54,SKU003,Warehouse C,Brand Z,397.8540245918831,15
2387,Product B,Electronics,3,Supplier Y,47.45638404582032,2.860026528849345,71,SKU002,Warehouse B,Brand X,581.3510472152977,30
2388,Product A,Electronics,92,Supplier Z,47.45765266740256,4.161280981919019,41,SKU001,Warehouse C,Brand Z,705.393352868861,30
2389,Product B,Home,38,Supplier Z,47.18435433233583,3.816332143602519,26,SKU003,Warehouse A,Brand Y,637.7510256290407,15
2390,Product A,Clothing,14,Supplier Z,40.76209705347805,1.775583657533515,1,SKU003,Warehouse B,Brand Z,984.7979256796326,15
2391,Product A,Home,47,Supplier X,34.22980250581634,3.041229056844903,69,SKU001,Warehouse B,Brand X,146.8826904381023,15
2392,Product A,Home,14,Supplier Y,42.22549591336428,2.776066521690723,3,SKU001,Warehouse A,Brand Y,435.4396388404807,15
2393,Product B,Home,75,Supplier Z,30.02731195005181,2.695494024362787,20,SKU003,Warehouse C,Brand Y,430.582429276878,30
2394,Product A,Electronics,73,Supplier Z,6.718480694601181,3.170284196815255,0,SKU003,Warehouse B,Brand X,422.8826716658915,15
2395,Product B,Electronics,38,Supplier Z,19.56090825207105,4.928327604301751,37,SKU002,Warehouse C,Brand Y,667.1604081222416,15
2396,Product C,Home,64,Supplier Y,48.56474559864687,4.251602390682981,59,SKU003,Warehouse C,Brand X,494.9297799412552,15
2397,Product C,Home,44,Supplier Y,17.55689067978282,4.614849726521566,75,SKU001,Warehouse C,Brand X,522.2582342148335,15
2398,Product A,Home,70,Supplier Y,43.39139568656847,1.11855833270415,90,SKU003,Warehouse A,Brand Z,438.032432225297,15
2399,Product B,Electronics,65,Supplier Z,4.660573538743479,1.561345467170024,13,SKU003,Warehouse C,Brand Y,991.7824664083769,15
2400,Product C,Home,25,Supplier Y,16.70919211877348,1.339054640898254,78,SKU001,Warehouse A,Brand Z,928.2857353308517,7
2401,Product B,Home,16,Supplier Z,17.54766623636898,2.052924020261107,87,SKU002,Warehouse B,Brand Z,314.6469474707272,7
2402,Product B,Clothing,15,Supplier X,2.580127155449008,2.767569967866602,81,SKU003,Warehouse C,Brand X,120.4779855190005,30
2403,Product A,Clothing,98,Supplier Y,5.954716509337748,3.568212990623558,16,SKU001,Warehouse B,Brand X,841.3670767982169,15
2404,Product C,Electronics,81,Supplier Y,9.65826055608855,3.003325065146408,72,SKU001,Warehouse C,Brand Z,997.1985489114672,15
2405,Product A,Clothing,3,Supplier Z,41.89077954050565,4.612735659652559,46,SKU001,Warehouse B,Brand X,299.682805099249,30
2406,Product A,Clothing,67,Supplier Y,3.17009949699032,4.759423835575455,81,SKU001,Warehouse A,Brand Y,364.2070765833486,15
2407,Product C,Clothing,37,Supplier Y,14.93504506721936,1.654083804789836,55,SKU002,Warehouse B,Brand Y,942.2168496703509,15
2408,Product C,Electronics,81,Supplier Z,0.5087501294633756,4.411651681059141,52,SKU001,Warehouse B,Brand Z,714.018222823059,15
2409,Product B,Clothing,55,Supplier Z,34.78138727015124,2.926888816053204,17,SKU003,Warehouse C,Brand Y,302.6819484618398,7
2410,Product C,Electronics,38,Supplier Z,31.01515450216899,2.813317885269537,68,SKU002,Warehouse C,Brand Z,585.2360263710759,15
2411,Product B,Home,63,Supplier X,32.24911310265709,4.139757393938273,47,SKU001,Warehouse C,Brand Y,944.7872835706136,7
2412,Product B,Clothing,1,Supplier Z,18.71913923573094,1.372562036179506,8,SKU003,Warehouse C,Brand X,813.6949758763208,15
2413,Product B,Electronics,71,Supplier Y,10.41339106337845,4.529972509676586,53,SKU002,Warehouse A,Brand Y,744.414386591373,15
2414,Product C,Clothing,90,Supplier X,36.01601066430167,3.683453418190459,34,SKU003,Warehouse B,Brand X,739.6263486097522,30
2415,Product A,Home,19,Supplier Z,40.55589363703476,4.501046430631991,45,SKU002,Warehouse B,Brand Z,186.2401210493476,30
2416,Product B,Electronics,52,Supplier X,6.930074904910088,4.977910310830492,0,SKU001,Warehouse A,Brand Y,826.4344268356571,15
2417,Product A,Electronics,30,Supplier X,24.34147139687107,3.072017809429013,40,SKU003,Warehouse B,Brand X,283.3574461190236,15
2418,Product A,Electronics,55,Supplier Y,12.43578409894313,1.373048791635716,72,SKU001,Warehouse C,Brand X,931.0629913225142,15
2419,Product C,Home,14,Supplier X,8.405343060306686,1.666095451723546,31,SKU002,Warehouse C,Brand Z,370.9935911036451,7
2420,Product A,Home,13,Supplier Z,36.71626567474996,2.29447297021724,83,SKU001,Warehouse C,Brand Z,859.083793071834,15
2421,Product A,Home,84,Supplier X,26.90484677364185,1.414211768538838,76,SKU001,Warehouse B,Brand Y,273.5711595726234,30
2422,Product C,Electronics,90,Supplier X,10.80926661893339,4.261367304551079,39,SKU003,Warehouse A,Brand Y,519.381667216418,7
2423,Product B,Home,27,Supplier Y,15.50000056057725,2.187471404131074,10,SKU001,Warehouse A,Brand Y,115.81644253417,15
2424,Product A,Clothing,89,Supplier Y,48.33268356638712,4.903544752079461,61,SKU001,Warehouse B,Brand X,663.5177139662123,7
2425,Product C,Home,9,Supplier Z,42.43397823542783,3.810365727727423,45,SKU001,Warehouse A,Brand Z,837.71848241517,7
2426,Product A,Electronics,41,Supplier Y,43.99733714365642,1.693721481022231,47,SKU002,Warehouse A,Brand Y,721.2628084893919,7
2427,Product A,Clothing,48,Supplier Z,23.0006048540354,2.904170587775761,42,SKU003,Warehouse C,Brand Y,528.0259278092708,7
2428,Product B,Home,12,Supplier Z,31.19036319604375,2.867536886533284,50,SKU003,Warehouse B,Brand X,54.6647198154449,15
2429,Product A,Clothing,10,Supplier Y,18.83838701022058,2.970046633334535,60,SKU001,Warehouse A,Brand Y,934.1065970991499,30
2430,Product C,Clothing,6,Supplier X,3.885598784444527,3.142764682571742,41,SKU003,Warehouse B,Brand X,708.4346530928483,7
2431,Product A,Electronics,34,Supplier Y,20.05346553283913,1.124692329270923,25,SKU002,Warehouse C,Brand X,748.4055959816797,30
2432,Product B,Clothing,52,Supplier X,29.69903766035723,3.745204502974494,10,SKU002,Warehouse C,Brand Z,796.7337697556991,7
2433,Product B,Clothing,41,Supplier X,14.35721353840657,2.948767101153773,24,SKU001,Warehouse A,Brand X,750.2659916683346,30
2434,Product C,Electronics,83,Supplier Z,42.39752873637079,4.163861595474796,39,SKU001,Warehouse B,Brand Z,446.7050024573503,7
2435,Product B,Electronics,6,Supplier Z,7.555007958729931,4.261398293041722,24,SKU002,Warehouse B,Brand X,736.2856109950674,7
2436,Product A,Electronics,2,Supplier Y,18.356454471846,1.92214048796687,83,SKU002,Warehouse C,Brand Z,628.7765199322257,15
2437,Product B,Clothing,15,Supplier X,6.245195266210146,1.193691785707111,74,SKU002,Warehouse C,Brand X,855.4761703320986,15
2438,Product C,Clothing,17,Supplier Y,20.24160669926126,3.81293542444929,73,SKU001,Warehouse C,Brand Y,804.4352171839968,7
2439,Product B,Clothing,16,Supplier Z,1.983065248713523,4.911051153855498,51,SKU002,Warehouse A,Brand Z,50.96063864258728,30
2440,Product B,Electronics,28,Supplier X,13.62746975308227,2.786631946323604,2,SKU001,Warehouse B,Brand Z,385.0982194292792,15
2441,Product B,Home,85,Supplier Y,20.03676275568418,2.038451238374383,38,SKU002,Warehouse A,Brand X,44.36899066205562,15
2442,Product C,Clothing,72,Supplier Y,23.90826816383458,1.626687578333924,90,SKU002,Warehouse B,Brand Y,111.0541755184369,15
2443,Product B,Home,10,Supplier Z,27.18481792375709,2.14978238956234,34,SKU003,Warehouse C,Brand Y,605.3966147835753,15
2444,Product B,Electronics,10,Supplier Z,13.74955648949595,2.311678205485799,39,SKU002,Warehouse A,Brand Z,875.0836029506308,7
2445,Product A,Clothing,10,Supplier Z,26.15206673074362,2.695498973737858,94,SKU001,Warehouse A,Brand Y,128.6265111221746,30
2446,Product C,Home,73,Supplier Z,25.45023107810299,3.621628492858346,84,SKU002,Warehouse A,Brand Y,456.5783945921632,15
2447,Product B,Clothing,28,Supplier Y,15.80890254381042,2.092652224320908,21,SKU003,Warehouse C,Brand X,911.7701157583793,15
2448,Product C,Clothing,24,Supplier Z,41.51001653282391,1.203907053874704,61,SKU002,Warehouse A,Brand Y,816.1579738348719,30
2449,Product B,Clothing,19,Supplier Z,27.28205632967826,2.493114446290878,18,SKU002,Warehouse A,Brand Y,524.4712175012706,15
2450,Product B,Home,97,Supplier Y,16.61348593732725,4.422518464636303,13,SKU002,Warehouse C,Brand Y,773.8557249355426,30
2451,Product B,Electronics,68,Supplier Y,47.36692560403883,2.993406043407535,49,SKU001,Warehouse B,Brand Y,527.4668363040917,7
2452,Product A,Clothing,56,Supplier X,42.25562065355805,4.859135030981639,61,SKU002,Warehouse A,Brand X,166.5114139100203,15
2453,Product A,Electronics,67,Supplier Y,49.12939057759004,3.014486124354927,86,SKU002,Warehouse C,Brand X,133.4887520894623,30
2454,Product A,Electronics,42,Supplier X,34.61169373227104,2.103595267687391,89,SKU002,Warehouse A,Brand Y,196.4845497463991,15
2455,Product C,Home,12,Supplier Z,18.91114527530234,1.773255988980858,42,SKU003,Warehouse A,Brand X,357.4128740160227,7
2456,Product C,Home,18,Supplier X,14.04303333395062,3.778097987142305,54,SKU001,Warehouse B,Brand Z,931.2239749972784,30
2457,Product A,Electronics,23,Supplier X,33.16589218372405,3.145525143109746,39,SKU001,Warehouse C,Brand X,801.6816295170654,30
2458,Product C,Clothing,84,Supplier Z,49.04082912476518,3.415995715981766,11,SKU003,Warehouse B,Brand X,438.4735456140543,30
2459,Product B,Home,6,Supplier Z,31.33575400519244,4.020507157336525,64,SKU001,Warehouse B,Brand X,498.1459426896982,15
2460,Product B,Clothing,53,Supplier Z,44.08074704949191,3.903613857059572,33,SKU003,Warehouse C,Brand Z,272.9533630897507,30
2461,Product B,Clothing,98,Supplier X,16.45517155238843,1.173453200672908,82,SKU002,Warehouse B,Brand Z,707.3094269074088,30
2462,Product A,Clothing,42,Supplier Y,20.34768912371278,4.210287621180113,22,SKU001,Warehouse A,Brand Z,804.7380147474177,30
2463,Product C,Electronics,66,Supplier Y,45.31376197946766,3.130813228206846,70,SKU002,Warehouse C,Brand X,246.5156487109008,7
2464,Product A,Clothing,30,Supplier Y,37.84333509789094,2.566834123259091,6,SKU002,Warehouse C,Brand Z,51.40340754860071,30
2465,Product C,Electronics,9,Supplier Z,49.07051601839529,3.150077705072281,64,SKU001,Warehouse A,Brand Z,627.6500537313407,30
2466,Product B,Electronics,91,Supplier Z,38.7382104866121,3.4498057938293,17,SKU002,Warehouse A,Brand X,566.8869979439635,30
2467,Product A,Clothing,42,Supplier Y,22.42578536091159,1.598025239495188,7,SKU002,Warehouse A,Brand Y,408.1098434785877,7
2468,Product C,Clothing,34,Supplier Z,26.55340099111815,2.66966158130578,88,SKU003,Warehouse B,Brand X,647.4550023554781,30
2469,Product C,Clothing,40,Supplier X,45.02577462315683,2.342344840752735,41,SKU001,Warehouse B,Brand X,555.1071650052921,15
2470,Product B,Clothing,88,Supplier X,27.5823368049024,2.401635779272154,92,SKU002,Warehouse B,Brand X,258.0757608282508,30
2471,Product A,Electronics,17,Supplier Z,12.76986870822226,1.365339753629233,86,SKU003,Warehouse B,Brand Y,403.7516858664951,15
2472,Product A,Clothing,29,Supplier Y,21.78099063849747,1.639373952000922,92,SKU001,Warehouse B,Brand X,433.8324340497693,7
2473,Product A,Clothing,50,Supplier Y,25.81579944245589,1.647328270344885,0,SKU002,Warehouse B,Brand X,881.445514530808,7
2474,Product B,Electronics,76,Supplier X,4.835991677556478,2.492898972886591,78,SKU002,Warehouse C,Brand Y,961.2951125876699,30
2475,Product A,Home,95,Supplier Z,37.18813371264451,4.577966179499166,14,SKU002,Warehouse C,Brand X,894.0713487725321,30
2476,Product B,Home,49,Supplier Y,5.46769666774865,1.824109487683771,27,SKU002,Warehouse C,Brand X,721.9862438114599,7
2477,Product B,Electronics,73,Supplier Y,20.24588566844028,2.664770030699218,35,SKU002,Warehouse C,Brand X,589.1428062697636,7
2478,Product B,Home,61,Supplier Z,40.23112207702022,2.246437661196552,95,SKU001,Warehouse C,Brand Y,692.3690191112954,7
2479,Product C,Electronics,83,Supplier Z,23.37851808066485,4.149533250205352,45,SKU001,Warehouse C,Brand X,939.7181285253621,15
2480,Product A,Clothing,46,Supplier Y,42.1007759859254,1.200505729283265,76,SKU003,Warehouse B,Brand Y,257.4987478715934,15
2481,Product A,Clothing,46,Supplier Z,17.09406610280575,1.786173582143562,20,SKU003,Warehouse C,Brand Y,539.7693025966709,30
2482,Product B,Home,17,Supplier Z,47.88181469992177,1.842566169419178,48,SKU003,Warehouse A,Brand Z,692.7119388104038,15
2483,Product B,Clothing,66,Supplier Z,10.47342159026178,4.971851201252925,38,SKU001,Warehouse C,Brand X,682.4545313110319,7
2484,Product A,Home,5,Supplier Y,1.913207249465065,3.283100071865214,37,SKU001,Warehouse A,Brand X,259.7561699810681,30
2485,Product B,Home,54,Supplier X,43.62132714952093,1.555833057534073,8,SKU001,Warehouse A,Brand Z,590.8642121158543,15
2486,Product A,Clothing,16,Supplier Z,37.61013579752041,2.088796557106262,19,SKU002,Warehouse C,Brand Z,797.9540109959548,30
2487,Product C,Clothing,81,Supplier Y,11.59919185336864,1.671288376491697,83,SKU001,Warehouse B,Brand X,480.3281902497414,15
2488,Product B,Home,91,Supplier X,49.23708035683369,1.498418278477792,7,SKU001,Warehouse B,Brand X,795.3650959317476,30
2489,Product A,Clothing,7,Supplier Y,25.11400646342639,4.18872811363157,13,SKU002,Warehouse A,Brand Z,366.2837717770092,7
2490,Product B,Electronics,8,Supplier Y,47.55327200720817,2.983010514641419,61,SKU003,Warehouse B,Brand X,939.3725258921213,7
2491,Product A,Clothing,72,Supplier Y,25.25143856934996,3.524840547395125,83,SKU003,Warehouse A,Brand X,538.5891560941101,7
2492,Product A,Clothing,87,Supplier X,23.59372933856455,2.325004987967984,34,SKU003,Warehouse B,Brand X,599.9884712846882,15
2493,Product B,Electronics,96,Supplier Y,22.45692685722325,3.214780344269318,54,SKU002,Warehouse B,Brand Z,41.04795311654252,30
2494,Product C,Clothing,82,Supplier X,16.74376380664751,2.030276130094788,44,SKU002,Warehouse B,Brand Z,178.5664457573083,30
2495,Product A,Clothing,38,Supplier Z,26.68507485882758,2.232145099712939,20,SKU002,Warehouse B,Brand Y,636.6045416663343,30
2496,Product A,Home,54,Supplier X,22.62773309742839,3.608951777466932,52,SKU001,Warehouse C,Brand Y,425.6716680644486,15
2497,Product A,Clothing,76,Supplier Y,1.837343831177707,1.601400503676921,53,SKU003,Warehouse C,Brand X,513.082152553593,7
2498,Product C,Clothing,15,Supplier X,13.02176167117512,3.468887436669847,85,SKU002,Warehouse C,Brand X,72.34169464636344,7
2499,Product C,Electronics,92,Supplier Y,10.65614000527792,4.408939265692509,42,SKU002,Warehouse A,Brand Y,835.7938860262805,30
2500,Product B,Home,50,Supplier Z,43.37178011605333,1.481692904723076,5,SKU003,Warehouse C,Brand Y,786.660546273255,30
2501,Product C,Home,56,Supplier X,29.94349886134207,4.589845122279916,54,SKU003,Warehouse C,Brand Y,193.500435964631,15
2502,Product B,Home,95,Supplier Z,38.18415502248637,1.31778272119558,43,SKU001,Warehouse C,Brand X,637.9860636848056,30
2503,Product B,Clothing,9,Supplier X,47.84130188746403,2.395636907823492,90,SKU003,Warehouse B,Brand X,820.132059537729,30
2504,Product C,Home,8,Supplier Y,32.2019636263205,3.442037260951978,67,SKU002,Warehouse B,Brand Y,644.445595051444,15
2505,Product B,Electronics,19,Supplier X,49.13049957023722,3.237659040474147,3,SKU001,Warehouse B,Brand Z,317.2941143428864,30
2506,Product C,Home,51,Supplier Z,15.58820258260648,1.385564289977734,62,SKU003,Warehouse B,Brand Y,659.5500389733854,7
2507,Product B,Electronics,72,Supplier X,9.313359115644692,4.195652671143412,91,SKU001,Warehouse B,Brand Z,218.3571302063801,15
2508,Product C,Home,98,Supplier Z,20.16549439964557,4.892613172581012,90,SKU002,Warehouse C,Brand Z,325.0724473066267,7
2509,Product C,Home,57,Supplier Z,23.5399707467904,1.72491315673508,57,SKU002,Warehouse C,Brand X,247.6689565761069,30
2510,Product B,Electronics,68,Supplier Y,44.76807714262925,4.580523879261851,53,SKU002,Warehouse B,Brand Z,561.3558513663045,30
2511,Product A,Home,31,Supplier X,27.99702195183382,3.227237768447002,80,SKU002,Warehouse B,Brand Z,117.1443802978931,15
2512,Product B,Home,3,Supplier Z,14.60904997090085,4.74373508498131,37,SKU001,Warehouse C,Brand Y,933.9772765448553,15
2513,Product C,Home,99,Supplier Y,37.13171414337604,1.704343833667044,59,SKU001,Warehouse C,Brand Y,340.1772301262382,15
2514,Product A,Clothing,83,Supplier Y,25.29159685695355,4.168085572717699,51,SKU002,Warehouse B,Brand Z,226.7804258347433,15
2515,Product B,Electronics,43,Supplier Y,8.106597263758509,1.239126301781325,28,SKU001,Warehouse A,Brand Y,501.5843154658129,30
2516,Product B,Home,29,Supplier Z,28.84098937956261,4.532785787210906,39,SKU002,Warehouse B,Brand Y,284.2278402701689,30
2517,Product B,Electronics,10,Supplier X,45.5697268403642,3.696637688798535,70,SKU002,Warehouse C,Brand Y,539.5550455188179,7
2518,Product A,Electronics,12,Supplier Z,42.13113087379101,2.48101913568972,7,SKU003,Warehouse A,Brand Y,355.0240582842646,7
2519,Product C,Electronics,46,Supplier Y,29.34049863176655,1.761867293991401,96,SKU001,Warehouse B,Brand Z,140.7461426613504,15
2520,Product B,Home,30,Supplier Z,18.85415869424941,4.266132394268819,95,SKU003,Warehouse C,Brand Z,273.2362896069894,30
2521,Product B,Home,94,Supplier Z,4.348937553210558,3.412965285579246,34,SKU002,Warehouse C,Brand Z,444.05544651191,15
2522,Product B,Electronics,82,Supplier Y,23.48244616658119,2.441663411792006,81,SKU003,Warehouse C,Brand Z,39.99029421482937,15
2523,Product B,Clothing,88,Supplier X,37.60397187647896,2.775343299210065,15,SKU002,Warehouse B,Brand Z,772.9361017446143,15
2524,Product B,Electronics,32,Supplier Y,18.01368598665053,4.306170624289506,17,SKU002,Warehouse B,Brand X,625.6063189445116,15
2525,Product C,Clothing,73,Supplier Y,11.77234127758322,2.355708773427471,58,SKU002,Warehouse A,Brand Y,605.3460112055707,15
2526,Product C,Electronics,47,Supplier Z,46.56898596354767,1.358530712439715,88,SKU001,Warehouse C,Brand X,550.5894325639383,30
2527,Product B,Electronics,88,Supplier Y,41.07778502289962,4.645128688813891,33,SKU002,Warehouse C,Brand Z,594.4100406018179,7
2528,Product A,Electronics,63,Supplier Z,31.91378097100723,2.549374958632138,3,SKU002,Warehouse A,Brand Y,935.3054331801484,15
2529,Product C,Home,26,Supplier Y,6.839167196025969,2.393550044460854,68,SKU001,Warehouse B,Brand Z,18.48351870263328,30
2530,Product A,Clothing,3,Supplier Y,7.245442020308651,1.817598475503758,77,SKU001,Warehouse C,Brand X,57.32171256117177,15
2531,Product C,Clothing,23,Supplier X,5.160979572788948,4.589690284913383,64,SKU002,Warehouse A,Brand Z,199.5784758314943,30
2532,Product B,Electronics,75,Supplier Y,30.81483334463716,1.870021334751335,60,SKU001,Warehouse C,Brand Y,175.6283661932186,7
2533,Product C,Home,74,Supplier X,5.7781398236668,3.546691472005535,85,SKU002,Warehouse B,Brand Z,189.3825148744909,7
2534,Product B,Home,50,Supplier Y,42.13135994313165,4.523060046432412,45,SKU003,Warehouse B,Brand Z,675.2244469901636,30
2535,Product C,Clothing,36,Supplier Y,49.64825009096611,1.13965445841287,20,SKU001,Warehouse A,Brand Y,464.8884680396637,15
2536,Product B,Home,13,Supplier Y,18.31740923543326,4.315166821200783,76,SKU003,Warehouse A,Brand X,991.8610895513463,7
2537,Product B,Clothing,29,Supplier X,22.68349234835487,2.642397686759098,99,SKU002,Warehouse C,Brand X,234.6170556549154,15
2538,Product B,Clothing,38,Supplier Z,35.58335884928393,3.631898301060847,92,SKU001,Warehouse B,Brand Y,317.7218000172197,15
2539,Product B,Clothing,77,Supplier X,46.85765031628829,2.489618252902216,37,SKU001,Warehouse B,Brand Y,984.3983096336325,30
2540,Product A,Home,90,Supplier Y,44.70468867781926,3.782065025389976,72,SKU002,Warehouse A,Brand X,833.4405593942245,15
2541,Product B,Clothing,84,Supplier Z,2.879591437492429,2.017179658230797,96,SKU001,Warehouse A,Brand Y,475.1012284717474,30
2542,Product A,Clothing,5,Supplier Y,8.45359012783825,1.087722169741585,85,SKU001,Warehouse C,Brand X,559.0509166905298,30
2543,Product A,Electronics,20,Supplier X,37.72985992788961,4.791150059151814,80,SKU001,Warehouse B,Brand Z,844.7461414463121,30
2544,Product B,Clothing,78,Supplier X,34.44465540162236,1.065471056160331,59,SKU003,Warehouse C,Brand X,486.1704435858647,7
2545,Product A,Clothing,14,Supplier Z,6.660929702006163,4.296397158534028,86,SKU002,Warehouse C,Brand Y,213.9634863462635,15
2546,Product C,Electronics,8,Supplier X,25.10322910007838,1.676550373289895,35,SKU002,Warehouse A,Brand Z,830.1600931688416,30
2547,Product B,Electronics,48,Supplier Y,39.04073155426478,2.568880914408112,5,SKU002,Warehouse B,Brand Y,542.394766362887,30
2548,Product A,Home,13,Supplier Z,10.93903411313468,4.289969506024223,38,SKU001,Warehouse A,Brand X,161.5121711921831,15
2549,Product B,Clothing,24,Supplier Y,43.56438178673331,1.823728601249381,28,SKU001,Warehouse C,Brand Z,510.5299728725536,7
2550,Product B,Home,79,Supplier Z,2.648588741018398,4.462830422100144,26,SKU001,Warehouse C,Brand X,419.0713467908902,30
2551,Product B,Home,65,Supplier Z,39.10975425340369,2.991035756407606,68,SKU002,Warehouse B,Brand Z,878.0741065629404,30
2552,Product A,Electronics,86,Supplier Y,30.79094498949351,2.464613850869106,8,SKU003,Warehouse B,Brand Y,134.7948770470964,30
2553,Product C,Home,34,Supplier X,15.75996733271746,3.649750986945345,23,SKU002,Warehouse B,Brand X,876.4577064035453,30
2554,Product C,Clothing,51,Supplier Y,36.04662741709556,2.36555888792383,62,SKU002,Warehouse B,Brand Z,517.0889066421819,15
2555,Product A,Electronics,3,Supplier X,39.11828975755798,2.389153435985428,18,SKU003,Warehouse A,Brand Z,410.3207856813361,30
2556,Product B,Clothing,90,Supplier X,46.69494856519847,3.934105563753213,96,SKU001,Warehouse A,Brand Z,170.3475125589109,7
2557,Product A,Clothing,78,Supplier Y,18.38873360771318,2.239328898156431,29,SKU001,Warehouse A,Brand X,703.8097830122925,15
2558,Product A,Electronics,58,Supplier Z,34.30083679899775,1.8030905934177,57,SKU002,Warehouse A,Brand Y,927.5386420189401,7
2559,Product A,Clothing,72,Supplier Y,30.13081384673454,4.230584511986288,39,SKU003,Warehouse C,Brand Y,381.6235803603266,15
2560,Product B,Electronics,55,Supplier Z,26.26030347285442,4.221484134908927,67,SKU002,Warehouse A,Brand Z,249.1691506641251,15
2561,Product A,Clothing,80,Supplier X,44.52082370775189,2.990342814827477,31,SKU002,Warehouse A,Brand Y,559.3182478291654,15
2562,Product B,Electronics,42,Supplier Z,0.1583657069200162,3.10662246465182,64,SKU003,Warehouse B,Brand X,798.2240889495315,7
2563,Product A,Home,21,Supplier Y,14.10558030517988,3.784306503070554,33,SKU003,Warehouse C,Brand Y,13.73001760502772,7
2564,Product C,Clothing,10,Supplier Z,26.9138619772415,3.037097167049734,84,SKU001,Warehouse A,Brand Y,635.0636620314749,30
2565,Product A,Electronics,57,Supplier X,8.914663081827618,2.66815983587693,30,SKU002,Warehouse C,Brand X,600.5508406916446,7
2566,Product A,Clothing,25,Supplier X,45.39332668663791,4.979576773186983,58,SKU003,Warehouse C,Brand X,324.9706639461185,30
2567,Product C,Clothing,56,Supplier Z,32.37975588065077,1.590561711410236,77,SKU003,Warehouse C,Brand Y,456.9087735689207,15
2568,Product B,Clothing,38,Supplier X,23.89414973159949,3.370911916959443,25,SKU003,Warehouse C,Brand Y,254.4935919202027,30
2569,Product B,Electronics,86,Supplier X,40.73508795333273,4.543452104302641,21,SKU003,Warehouse B,Brand Y,791.9868805723244,7
2570,Product A,Home,61,Supplier Z,22.54430957325519,3.748860164724459,33,SKU002,Warehouse B,Brand Z,638.1895840324466,15
2571,Product C,Home,47,Supplier X,27.93265059650047,4.523693196352953,96,SKU002,Warehouse C,Brand X,537.3845058185954,15
2572,Product B,Home,54,Supplier Z,0.1375497776960499,2.34533888141869,12,SKU002,Warehouse C,Brand Z,398.6009364336489,30
2573,Product A,Electronics,46,Supplier Z,18.28502650975368,2.087971905040957,95,SKU003,Warehouse C,Brand Z,298.4705421605248,30
2574,Product C,Home,68,Supplier X,6.939523617548487,4.405089547608419,54,SKU001,Warehouse B,Brand Z,824.5091211829971,7
2575,Product B,Electronics,4,Supplier Z,34.48443403311455,2.576458304741842,7,SKU003,Warehouse B,Brand Z,456.8935937292333,15
2576,Product B,Clothing,94,Supplier X,23.95134794878669,3.838729292229245,61,SKU002,Warehouse C,Brand Y,506.432945643256,30
2577,Product C,Clothing,66,Supplier X,15.08787786251154,1.590994313656457,21,SKU002,Warehouse C,Brand X,525.6204432353342,15
2578,Product C,Home,93,Supplier X,23.39161696858712,4.023352501506698,55,SKU002,Warehouse C,Brand Y,453.8832660772607,7
2579,Product C,Electronics,43,Supplier Y,10.48149439756731,3.195930596099477,83,SKU001,Warehouse C,Brand X,263.5275419760395,15
2580,Product C,Clothing,62,Supplier X,46.25433162430703,2.074446559641844,20,SKU001,Warehouse B,Brand Z,129.1370358406215,30
2581,Product A,Electronics,85,Supplier Z,2.69863162754565,2.97801585583562,97,SKU002,Warehouse A,Brand X,107.5518944960633,7
2582,Product C,Electronics,85,Supplier Z,43.27085176480602,3.787774503358814,48,SKU003,Warehouse A,Brand X,759.8878981072818,7
2583,Product B,Clothing,85,Supplier Z,25.56793943666755,1.047545635389535,93,SKU002,Warehouse B,Brand X,231.2925440784962,15
2584,Product B,Electronics,4,Supplier Y,30.94732480694086,3.549868235256518,5,SKU002,Warehouse B,Brand X,65.11608680443582,30
2585,Product A,Clothing,65,Supplier Y,15.13028104543519,3.166363113093098,34,SKU001,Warehouse A,Brand Y,799.5422326289272,15
2586,Product B,Clothing,62,Supplier Z,48.33488083971606,1.88114467098693,26,SKU001,Warehouse A,Brand Z,162.5210363320415,15
2587,Product B,Clothing,90,Supplier Z,14.09254792597449,4.011924295904787,83,SKU001,Warehouse A,Brand Y,628.8946308160205,15
2588,Product C,Electronics,2,Supplier Y,29.44389985701521,2.213843938532805,39,SKU001,Warehouse C,Brand Z,345.2568387333846,30
2589,Product B,Clothing,9,Supplier Z,49.67083525535644,2.107443726186259,13,SKU002,Warehouse A,Brand Y,135.2154541243964,15
2590,Product A,Electronics,57,Supplier X,44.05471981917229,2.884873395997291,73,SKU003,Warehouse A,Brand Y,420.3361694618163,15
2591,Product C,Clothing,45,Supplier X,26.8164912643053,3.704598713689459,51,SKU002,Warehouse C,Brand Y,24.66077252129889,7
2592,Product C,Clothing,18,Supplier Z,49.51872614836061,4.715383903505018,78,SKU002,Warehouse C,Brand X,842.6345326874347,7
2593,Product A,Home,48,Supplier X,35.06849308663073,1.565428972528416,39,SKU003,Warehouse B,Brand X,518.3629817284386,7
2594,Product C,Home,42,Supplier Z,10.43502080709047,2.585872483006935,42,SKU002,Warehouse C,Brand X,147.7684107988822,30
2595,Product C,Home,41,Supplier Y,20.27981052179032,1.26795837005052,57,SKU003,Warehouse A,Brand X,244.6105152050949,15
2596,Product A,Electronics,75,Supplier Z,16.72466670057755,4.034202989886969,2,SKU001,Warehouse C,Brand Y,453.4954402171414,15
2597,Product C,Electronics,89,Supplier Y,17.20068541355946,2.790931558725443,14,SKU001,Warehouse B,Brand Y,196.9806889873932,7
2598,Product A,Clothing,90,Supplier X,38.02282196799332,3.82771654075274,44,SKU001,Warehouse A,Brand Z,275.913169886075,15
2599,Product A,Clothing,58,Supplier X,29.21314636363968,2.288777695905149,94,SKU003,Warehouse B,Brand X,539.0417085929106,30
2600,Product B,Clothing,42,Supplier X,1.904635579476427,4.377268965625294,10,SKU002,Warehouse B,Brand X,834.2829229080016,15
2601,Product B,Clothing,35,Supplier Z,43.87242418254881,3.139312312960459,38,SKU001,Warehouse B,Brand X,407.8212888330216,7
2602,Product C,Electronics,38,Supplier Y,14.83980702400823,4.77443128729462,18,SKU001,Warehouse C,Brand X,719.8055208180128,30
2603,Product C,Clothing,67,Supplier Y,49.85374384565718,1.315258556576137,78,SKU002,Warehouse C,Brand X,877.9173713260419,15
2604,Product A,Clothing,41,Supplier X,47.70953651673928,3.057107298168297,19,SKU001,Warehouse B,Brand X,224.1379308932003,15
2605,Product C,Home,99,Supplier X,47.02653583409826,4.065820983990795,85,SKU001,Warehouse B,Brand Y,809.1200506981385,15
2606,Product A,Clothing,50,Supplier Y,40.55638020319869,3.400610592294459,70,SKU003,Warehouse B,Brand X,759.8281763477171,30
2607,Product A,Clothing,86,Supplier Z,11.03066658417713,1.092776561707371,55,SKU002,Warehouse B,Brand X,363.3679249686537,15
2608,Product C,Clothing,72,Supplier X,26.6316372014391,4.889354713375523,77,SKU003,Warehouse C,Brand Y,989.6247599058585,7
2609,Product A,Electronics,79,Supplier Z,11.21513134124873,2.193054772303594,3,SKU001,Warehouse C,Brand Z,269.9466477215975,7
2610,Product B,Home,45,Supplier X,12.98377277944746,1.997111465465528,8,SKU001,Warehouse B,Brand Y,262.2552333713786,7
2611,Product C,Clothing,71,Supplier X,30.54758847181387,2.942639502426318,24,SKU002,Warehouse C,Brand X,774.5365730066658,7
2612,Product B,Clothing,19,Supplier Z,2.041677267653169,3.168632430093396,46,SKU001,Warehouse A,Brand Y,440.3107448705734,30
2613,Product C,Home,17,Supplier Z,48.47292834103538,4.065152550359302,98,SKU003,Warehouse C,Brand X,337.4870448332328,7
2614,Product A,Clothing,65,Supplier Z,45.93365862889822,2.573094630635957,48,SKU003,Warehouse B,Brand Y,186.8761772857119,7
2615,Product C,Electronics,93,Supplier Z,19.03837860788599,2.759841505848849,26,SKU002,Warehouse C,Brand Z,767.6791066251986,7
2616,Product B,Clothing,77,Supplier Y,25.77112240034565,3.139839663735324,27,SKU002,Warehouse A,Brand X,788.4585880747163,30
2617,Product A,Electronics,56,Supplier Y,23.30597096338795,2.577548398966563,87,SKU001,Warehouse A,Brand Y,570.898363197839,30
2618,Product C,Electronics,93,Supplier X,44.10998893087349,4.658192316404624,96,SKU002,Warehouse C,Brand Y,957.7404770594592,15
2619,Product C,Clothing,41,Supplier X,34.43009381580555,4.405007866537009,96,SKU002,Warehouse A,Brand Y,324.9816377184277,7
2620,Product C,Home,42,Supplier X,13.90556237121782,2.819894780311513,61,SKU001,Warehouse A,Brand X,227.4228550245438,15
2621,Product B,Electronics,6,Supplier Y,22.34206272326485,1.000779449349269,15,SKU001,Warehouse C,Brand Y,680.6921012451173,30
2622,Product B,Home,69,Supplier Z,21.44829878433819,4.603737982117122,86,SKU003,Warehouse C,Brand X,760.8245543917077,15
2623,Product C,Clothing,98,Supplier X,47.96675841419593,1.497346293757861,45,SKU003,Warehouse C,Brand X,232.6569108463042,30
2624,Product A,Electronics,75,Supplier Y,8.765545525731982,1.978049660776185,74,SKU002,Warehouse B,Brand Z,85.84465661850211,15
2625,Product A,Clothing,73,Supplier X,4.478816864721452,1.609445137461593,45,SKU001,Warehouse B,Brand Z,812.4113217205082,7
2626,Product B,Home,40,Supplier Y,44.03094160808451,1.719262279924095,39,SKU002,Warehouse A,Brand Y,976.7369539095523,30
2627,Product A,Clothing,41,Supplier Z,44.83429947529354,4.211510151559339,82,SKU003,Warehouse A,Brand X,648.2255632115615,30
2628,Product B,Clothing,9,Supplier Y,43.58695439560824,3.318005766663697,33,SKU002,Warehouse C,Brand Y,285.0882311424552,30
2629,Product C,Electronics,8,Supplier Z,25.54884578127782,4.824380652501394,86,SKU003,Warehouse A,Brand X,996.7058824672641,7
2630,Product B,Clothing,44,Supplier X,32.98722141347302,1.925814049294866,9,SKU003,Warehouse C,Brand X,894.3339699044067,7
2631,Product B,Clothing,58,Supplier Z,28.16815237804919,2.942539632524936,0,SKU002,Warehouse B,Brand Y,518.246839817491,30
2632,Product C,Clothing,67,Supplier Y,3.472391302720046,4.90971347632988,65,SKU003,Warehouse C,Brand X,827.0680719934154,30
2633,Product A,Electronics,13,Supplier X,29.79174484503612,4.305774057099079,85,SKU003,Warehouse A,Brand Y,817.6623180303371,7
2634,Product B,Home,19,Supplier X,0.6807073628050442,3.914462716481964,16,SKU001,Warehouse C,Brand X,935.4509799767645,7
2635,Product B,Home,98,Supplier Y,16.24937047785431,1.755900805483168,46,SKU002,Warehouse C,Brand Y,842.5146053357255,7
2636,Product C,Clothing,96,Supplier Z,46.61462879365835,4.077621603638864,23,SKU002,Warehouse C,Brand Y,647.2424435975928,7
2637,Product A,Electronics,49,Supplier Y,15.20226348179038,2.390260490383671,49,SKU002,Warehouse A,Brand Z,613.2106817669423,7
2638,Product B,Clothing,80,Supplier Z,46.99133213221239,3.122147588187031,84,SKU003,Warehouse C,Brand Z,472.6837154482956,7
2639,Product C,Home,82,Supplier Z,12.50669785746221,3.436644852158161,28,SKU003,Warehouse C,Brand X,630.2207835710498,15
2640,Product B,Electronics,78,Supplier X,15.72811202307662,3.437454846097016,77,SKU003,Warehouse A,Brand Y,797.2644206650789,7
2641,Product C,Home,30,Supplier Z,31.42037482192768,3.906093887654066,71,SKU002,Warehouse B,Brand Y,969.3472500395278,7
2642,Product A,Home,66,Supplier X,38.08134863946474,3.646808370568822,93,SKU001,Warehouse B,Brand Y,472.6144846002989,30
2643,Product A,Electronics,77,Supplier Y,25.0693884002442,1.273483517242359,85,SKU002,Warehouse A,Brand Y,577.9166709588695,30
2644,Product A,Electronics,91,Supplier Y,44.10578435970777,2.829388103796429,86,SKU002,Warehouse B,Brand Y,450.3574401081939,15
2645,Product A,Clothing,59,Supplier X,2.012021080530962,3.656086426879917,12,SKU002,Warehouse C,Brand X,671.80373477357,7
2646,Product B,Clothing,53,Supplier X,46.10974193171853,2.183971928662915,63,SKU001,Warehouse A,Brand Z,633.6212990206469,30
2647,Product B,Home,52,Supplier Z,9.8153899947704,2.252226748865559,27,SKU002,Warehouse C,Brand Y,27.65545229168707,30
2648,Product A,Electronics,81,Supplier X,44.21193725423279,1.498270191018462,93,SKU001,Warehouse C,Brand Y,545.7499435096519,15
2649,Product A,Electronics,31,Supplier Y,20.04315897431902,2.674459943899421,4,SKU001,Warehouse A,Brand Y,97.60202674202388,7
2650,Product A,Clothing,15,Supplier X,41.63785279355189,4.947321737224699,73,SKU002,Warehouse C,Brand X,36.11978182548296,30
2651,Product B,Home,20,Supplier X,33.58327749018476,2.141277445152149,8,SKU002,Warehouse A,Brand Z,793.2851904638512,7
2652,Product A,Home,5,Supplier X,8.797081623913105,3.125747570744392,13,SKU002,Warehouse C,Brand Z,266.0633635377075,15
2653,Product A,Clothing,7,Supplier Z,45.90237849407242,3.972949011116337,9,SKU003,Warehouse B,Brand Y,347.2485265144263,15
2654,Product A,Electronics,18,Supplier X,12.27586952442298,1.053989083537083,32,SKU001,Warehouse C,Brand X,73.44374172802554,7
2655,Product C,Clothing,56,Supplier Z,12.20700593474995,4.601758238393195,74,SKU002,Warehouse C,Brand Z,187.7052578894071,15
2656,Product A,Clothing,75,Supplier Z,40.70894483186903,2.546200738899754,39,SKU001,Warehouse A,Brand Z,767.9487700752144,30
2657,Product C,Clothing,96,Supplier X,5.293662778626052,4.476463946843928,5,SKU003,Warehouse B,Brand X,498.5955219302947,15
2658,Product C,Clothing,91,Supplier Z,11.10179531852302,1.155790635597912,16,SKU003,Warehouse C,Brand Z,881.861777924647,15
2659,Product A,Electronics,90,Supplier X,25.18387867105312,1.582654207454703,35,SKU002,Warehouse C,Brand X,403.2697101521669,7
2660,Product C,Clothing,45,Supplier Y,41.52385143433121,2.290117817910237,69,SKU001,Warehouse B,Brand Z,276.0137283967255,30
2661,Product A,Electronics,28,Supplier Y,7.374198736863375,2.381847092253115,60,SKU003,Warehouse B,Brand X,354.1238163140645,7
2662,Product B,Clothing,50,Supplier Z,27.38341172561732,4.391176892112066,73,SKU003,Warehouse B,Brand Y,715.6440755817354,7
2663,Product B,Home,2,Supplier Y,35.56202959014698,1.044804461552941,48,SKU001,Warehouse B,Brand Z,559.4556156111412,7
2664,Product B,Electronics,84,Supplier X,43.02976123579757,3.564447105878718,68,SKU003,Warehouse B,Brand Z,905.1492954769036,15
2665,Product B,Home,68,Supplier Z,46.77827801011098,1.525249744714201,82,SKU001,Warehouse C,Brand Z,606.1470816949944,15
2666,Product C,Clothing,77,Supplier X,39.23199572344662,4.292862602844197,70,SKU002,Warehouse B,Brand X,498.0880263966881,7
2667,Product A,Clothing,24,Supplier Z,32.64141991110009,4.114293063831649,23,SKU001,Warehouse B,Brand Z,787.8951966478655,15
2668,Product A,Clothing,48,Supplier Z,21.68100426563829,2.999684109644802,50,SKU002,Warehouse C,Brand Z,948.0585122261108,15
2669,Product A,Electronics,45,Supplier Z,5.605507709420982,1.850748902049501,41,SKU001,Warehouse A,Brand X,362.2874521325209,7
2670,Product B,Home,93,Supplier Z,35.48685962627606,3.537981563862225,18,SKU003,Warehouse C,Brand Z,257.3774480638229,30
2671,Product B,Electronics,58,Supplier Y,49.63686522377434,1.625033270630583,61,SKU002,Warehouse A,Brand Z,620.0552223311978,30
2672,Product A,Electronics,36,Supplier Y,36.83802973660499,1.760095170370614,74,SKU001,Warehouse B,Brand X,503.8840929423422,15
2673,Product B,Clothing,2,Supplier Y,0.835554686886314,3.506759608901431,66,SKU002,Warehouse A,Brand X,989.2937191161355,30
2674,Product A,Home,18,Supplier Z,24.81299890209194,4.964913784354497,29,SKU001,Warehouse C,Brand X,467.738166306256,30
2675,Product A,Clothing,49,Supplier Y,30.73233162414519,4.564243349010185,37,SKU001,Warehouse A,Brand Z,83.5882358467424,15
2676,Product A,Electronics,8,Supplier Z,34.48371005514215,3.372429430734708,5,SKU002,Warehouse A,Brand Y,977.5953701698595,30
2677,Product A,Clothing,58,Supplier Y,35.98629178003543,3.154147075069695,98,SKU002,Warehouse A,Brand X,845.1510761376047,15
2678,Product A,Home,15,Supplier Z,27.9054220608262,4.993539520032434,21,SKU002,Warehouse B,Brand Z,186.4676425183837,7
2679,Product A,Clothing,17,Supplier Y,11.16801663671201,3.189588590535575,10,SKU003,Warehouse C,Brand Y,905.5592005817406,30
2680,Product A,Home,23,Supplier Y,47.11003307382733,2.680466087837776,71,SKU001,Warehouse A,Brand Y,347.2601526135272,7
2681,Product B,Home,66,Supplier Y,34.83332338318309,4.638222143101366,90,SKU001,Warehouse B,Brand X,383.3408646891,7
2682,Product A,Clothing,70,Supplier Z,11.84200184347047,1.936737183477153,28,SKU002,Warehouse C,Brand X,907.3275675385377,15
2683,Product A,Electronics,93,Supplier Z,16.11609161351365,1.390103961187236,7,SKU001,Warehouse C,Brand X,534.8144093849621,30
2684,Product B,Clothing,27,Supplier Y,46.09638353151848,3.536360137447321,86,SKU001,Warehouse C,Brand X,146.3853001045345,30
2685,Product B,Electronics,37,Supplier Z,44.37425933536679,1.383398535074996,92,SKU001,Warehouse C,Brand X,375.365597748386,30
2686,Product B,Electronics,49,Supplier X,20.25732191790448,2.492594147811841,79,SKU002,Warehouse B,Brand Z,724.876471805202,30
2687,Product A,Clothing,64,Supplier Y,1.915361099572549,2.694309542326882,34,SKU001,Warehouse C,Brand Z,182.4423461873365,15
2688,Product C,Electronics,34,Supplier Y,2.42486844469691,3.190152268196933,71,SKU001,Warehouse A,Brand X,594.3288854322951,7
2689,Product C,Electronics,18,Supplier X,14.19591454591945,4.966638182991849,71,SKU003,Warehouse C,Brand Z,698.3213916149728,30
2690,Product B,Clothing,64,Supplier Z,31.45611096694997,1.883926893332723,44,SKU003,Warehouse C,Brand X,350.4150397871535,30
2691,Product C,Clothing,74,Supplier Z,29.20973176672809,2.503025514027648,32,SKU002,Warehouse B,Brand X,696.9418818212391,15
2692,Product B,Clothing,44,Supplier Z,31.69138934719713,1.528960497642632,4,SKU001,Warehouse A,Brand Y,885.3652783110255,30
2693,Product A,Electronics,17,Supplier Y,35.86414859660533,3.430454104132939,61,SKU001,Warehouse A,Brand X,477.3955767909085,30
2694,Product C,Home,59,Supplier Y,0.9516126796369206,3.910692729231334,36,SKU003,Warehouse B,Brand Y,389.0802348979878,7
2695,Product A,Electronics,13,Supplier Y,5.254279758622143,2.928307292943515,16,SKU002,Warehouse B,Brand Z,258.6468173447029,30
2696,Product C,Home,52,Supplier Y,17.97417259136063,1.983325073159884,21,SKU002,Warehouse A,Brand X,608.1634250646712,30
2697,Product A,Clothing,60,Supplier Y,7.742999876079088,3.483553076726991,77,SKU001,Warehouse A,Brand Y,881.0535275583288,7
2698,Product C,Home,42,Supplier Z,3.766002127227708,3.156630893475398,31,SKU003,Warehouse C,Brand Y,331.4146545133421,30
2699,Product A,Clothing,91,Supplier X,32.04821979986659,1.684742893614871,13,SKU003,Warehouse B,Brand Z,402.2731692919305,7
2700,Product A,Clothing,64,Supplier Z,40.76682387455495,2.622727602008521,19,SKU003,Warehouse A,Brand Y,412.559262374484,15
2701,Product C,Home,66,Supplier Z,37.63133287171412,2.74078836654078,21,SKU001,Warehouse A,Brand X,565.204218359742,7
2702,Product A,Clothing,34,Supplier Y,40.85198893045896,4.930471015085732,29,SKU001,Warehouse B,Brand X,236.1248719517642,7
2703,Product A,Home,95,Supplier X,33.29282720289386,4.397143328622088,53,SKU001,Warehouse B,Brand Y,823.9890437546272,30
2704,Product A,Clothing,87,Supplier X,36.76726609071011,3.937483153094375,32,SKU003,Warehouse A,Brand X,302.6462547291791,30
2705,Product C,Electronics,71,Supplier Z,13.58893871041507,4.55510810201179,4,SKU002,Warehouse B,Brand X,708.309063987715,30
2706,Product C,Electronics,64,Supplier X,49.65040181420822,3.94193762331486,17,SKU001,Warehouse A,Brand Y,518.0835843617565,30
2707,Product A,Clothing,33,Supplier Z,9.158282724694356,4.613607420502934,62,SKU001,Warehouse A,Brand Z,590.0386273192292,7
2708,Product A,Clothing,12,Supplier Z,10.72469371946912,1.218212459518032,45,SKU002,Warehouse C,Brand Z,187.8126514390298,15
2709,Product C,Home,76,Supplier Z,14.44609159079234,2.824264837067666,6,SKU002,Warehouse C,Brand X,737.6729661963889,30
2710,Product C,Electronics,19,Supplier Z,48.76662150532894,3.987593340967334,28,SKU003,Warehouse B,Brand Y,196.7343138522048,7
2711,Product A,Home,9,Supplier Y,49.41442946769531,3.333183186440054,56,SKU001,Warehouse B,Brand X,122.3389012511647,15
2712,Product A,Clothing,74,Supplier X,39.74468748532487,1.700664656603147,46,SKU003,Warehouse A,Brand X,551.2127048898991,15
2713,Product A,Clothing,17,Supplier Y,31.45287992798169,2.361968346114137,8,SKU001,Warehouse C,Brand Y,712.2041655484886,15
2714,Product B,Home,50,Supplier Y,26.00312875923067,2.271097500106765,58,SKU003,Warehouse B,Brand Z,59.53547807040916,7
2715,Product C,Clothing,39,Supplier Y,48.53104228434228,2.045387652737344,70,SKU003,Warehouse A,Brand X,78.70136179113665,30
2716,Product B,Electronics,41,Supplier Z,34.78114014291238,2.372542214055864,70,SKU002,Warehouse C,Brand Z,804.6523710788598,7
2717,Product C,Home,10,Supplier Z,47.23650641630151,3.059413153844484,42,SKU001,Warehouse A,Brand X,810.9423725122587,30
2718,Product C,Electronics,12,Supplier Y,15.82753997388119,4.419476099133104,58,SKU002,Warehouse C,Brand Y,252.8516698884904,15
2719,Product C,Electronics,79,Supplier Y,16.68873961347828,3.968130649575025,5,SKU002,Warehouse A,Brand Y,619.0759207722015,15
2720,Product C,Electronics,95,Supplier X,42.73622970592178,4.340998816064935,52,SKU002,Warehouse C,Brand Z,448.7482743932129,7
2721,Product C,Home,15,Supplier Y,7.492746029264719,4.534414978252345,63,SKU001,Warehouse A,Brand X,636.3690809894779,15
2722,Product C,Clothing,28,Supplier Z,47.29639306480379,2.664601824390429,90,SKU003,Warehouse A,Brand Y,864.2504912582328,7
2723,Product C,Electronics,4,Supplier Y,25.37371773317038,2.384105136106989,3,SKU003,Warehouse B,Brand X,89.05786033643393,30
2724,Product B,Electronics,36,Supplier X,46.32069392918488,1.230493526736647,0,SKU001,Warehouse C,Brand X,780.2045817285698,15
2725,Product A,Electronics,65,Supplier X,16.83963943629065,4.721966487505737,69,SKU001,Warehouse C,Brand Z,498.0988134758289,30
2726,Product A,Clothing,98,Supplier Y,35.79794520696985,1.263292071752576,30,SKU003,Warehouse B,Brand X,568.4856743243765,15
2727,Product B,Clothing,47,Supplier X,24.14375609863448,3.964542061481882,64,SKU003,Warehouse B,Brand X,657.392046416949,30
2728,Product B,Home,81,Supplier X,31.34018151227365,2.512433217862349,68,SKU002,Warehouse A,Brand Z,923.3969176378163,15
2729,Product B,Clothing,39,Supplier Z,25.21862465695761,4.795123097996745,18,SKU003,Warehouse C,Brand Y,66.15275401622048,30
2730,Product B,Home,38,Supplier X,48.35578086856807,2.678408083736516,68,SKU002,Warehouse A,Brand X,39.18158860320318,15
2731,Product C,Home,44,Supplier X,34.60526989069586,4.266433405418866,68,SKU003,Warehouse A,Brand X,186.4791636738858,7
2732,Product A,Home,51,Supplier Y,12.56594843131577,2.130619328654706,48,SKU003,Warehouse A,Brand Y,986.5832487664691,30
2733,Product C,Home,97,Supplier Z,45.48384609525423,2.196354868975387,30,SKU003,Warehouse B,Brand Z,717.9256037039979,30
2734,Product A,Home,85,Supplier X,14.70148690775522,3.382077639513737,59,SKU002,Warehouse C,Brand Y,618.4947078639569,7
2735,Product A,Electronics,26,Supplier Y,18.58025496504282,4.991930534829895,70,SKU002,Warehouse B,Brand X,56.56866288060042,7
2736,Product B,Clothing,36,Supplier Y,5.106184901010669,3.070289671916785,78,SKU003,Warehouse B,Brand X,880.3191216540351,7
2737,Product C,Electronics,69,Supplier Y,44.99832598980954,4.745234545573162,54,SKU002,Warehouse C,Brand Z,814.6292847641879,15
2738,Product B,Home,97,Supplier Y,14.30560116139315,4.144999312994911,76,SKU002,Warehouse C,Brand Z,668.1520434284141,7
2739,Product C,Clothing,1,Supplier Y,12.94588089656912,4.183457256708939,75,SKU002,Warehouse B,Brand Y,345.7395073298557,15
2740,Product A,Electronics,53,Supplier Y,46.0131298997477,2.743839956515056,82,SKU002,Warehouse B,Brand Z,79.79990601257474,15
2741,Product B,Electronics,6,Supplier X,40.27634312025167,2.546169000691203,76,SKU001,Warehouse B,Brand Y,584.2381030219133,7
2742,Product B,Home,37,Supplier Z,7.05394607596872,1.767687232363262,90,SKU002,Warehouse C,Brand Y,722.4976257462291,7
2743,Product A,Electronics,2,Supplier Z,38.46622519518404,4.855765067934614,37,SKU003,Warehouse C,Brand X,103.297946972475,15
2744,Product A,Electronics,69,Supplier Y,45.65165490268954,4.83757444977528,32,SKU002,Warehouse A,Brand Y,637.429983200511,30
2745,Product A,Electronics,90,Supplier Y,3.925560910537196,3.988270937240731,5,SKU003,Warehouse C,Brand Y,293.502407208287,30
2746,Product B,Electronics,41,Supplier Z,41.26074974522865,2.185009799410678,12,SKU002,Warehouse B,Brand Z,766.6017790076136,7
2747,Product C,Electronics,51,Supplier X,27.3710025936528,1.980718161369129,76,SKU003,Warehouse C,Brand Z,544.2196920958187,30
2748,Product B,Home,47,Supplier Y,33.45987246894003,4.954440969547852,76,SKU001,Warehouse C,Brand X,137.7464199323323,15
2749,Product C,Home,13,Supplier Z,24.64271694524685,1.26617126043271,19,SKU003,Warehouse C,Brand X,531.2542532559037,30
2750,Product B,Electronics,76,Supplier Z,34.89015424526393,4.374257168565236,99,SKU002,Warehouse B,Brand X,401.7794947330515,15
2751,Product B,Home,69,Supplier Y,1.704893083337661,2.421832001929899,36,SKU002,Warehouse A,Brand Y,188.5524085988354,7
2752,Product A,Home,66,Supplier Z,38.13533616116418,2.675478878908882,44,SKU003,Warehouse A,Brand Z,843.100566821502,7
2753,Product C,Clothing,59,Supplier X,1.66718489294792,4.327910594995348,72,SKU001,Warehouse B,Brand Y,20.91816401414484,30
2754,Product B,Electronics,68,Supplier Z,22.76499238736717,1.362412064021432,80,SKU002,Warehouse B,Brand X,319.0069941093249,7
2755,Product B,Home,59,Supplier Y,7.548249656514744,2.416678714081029,98,SKU002,Warehouse A,Brand Z,22.46908778773248,7
2756,Product A,Home,91,Supplier Y,41.17871386756536,4.808097108678292,58,SKU003,Warehouse B,Brand Y,105.0468770410912,15
2757,Product A,Electronics,10,Supplier Z,15.68304545878343,3.796263651085026,51,SKU003,Warehouse C,Brand Z,304.1252569813502,15
2758,Product C,Clothing,13,Supplier Z,22.70467723021662,4.019756659223562,17,SKU001,Warehouse C,Brand Y,63.72847353547985,15
2759,Product B,Electronics,2,Supplier Y,21.43753706491558,4.030021203821906,24,SKU003,Warehouse A,Brand X,600.6642270335698,15
2760,Product C,Clothing,90,Supplier X,38.62509828423533,1.242280332655778,78,SKU002,Warehouse C,Brand Y,95.99427890632096,7
2761,Product B,Electronics,15,Supplier Z,24.05721798979877,1.812830373041725,86,SKU003,Warehouse A,Brand Y,704.6964977254343,15
2762,Product C,Electronics,46,Supplier X,39.4479167505173,2.965053024324847,0,SKU001,Warehouse B,Brand X,62.11569150088951,15
2763,Product A,Electronics,57,Supplier X,3.675413840133762,2.472600929901501,40,SKU001,Warehouse A,Brand X,68.71580585308584,15
2764,Product B,Electronics,10,Supplier Y,9.579698395149755,2.643649172531414,17,SKU002,Warehouse A,Brand Y,312.2726400429337,30
2765,Product C,Clothing,22,Supplier Y,27.57671248231803,4.12578951450269,0,SKU003,Warehouse C,Brand Y,897.6058097195847,15
2766,Product A,Clothing,89,Supplier Y,47.35441623763475,1.058716940270941,38,SKU002,Warehouse A,Brand Y,644.9793162360834,7
2767,Product A,Home,79,Supplier X,3.737892336089016,3.641967705284955,73,SKU001,Warehouse A,Brand X,772.4299790096302,7
2768,Product C,Electronics,77,Supplier Y,2.154210807843215,1.00044092720729,30,SKU001,Warehouse A,Brand X,150.136588382335,15
2769,Product B,Clothing,8,Supplier Y,7.827533746392784,1.252234102304975,70,SKU003,Warehouse B,Brand X,835.7841789147734,30
2770,Product B,Clothing,21,Supplier X,32.05765644300783,2.633144479350496,37,SKU003,Warehouse C,Brand Z,18.0647857122928,30
2771,Product A,Clothing,85,Supplier X,19.94964583351236,4.363794079219286,7,SKU002,Warehouse C,Brand Z,220.9267772256761,30
2772,Product B,Electronics,22,Supplier X,41.27761897088431,1.579983062257842,33,SKU001,Warehouse A,Brand X,619.9313979384935,30
2773,Product B,Home,97,Supplier X,3.59665757406829,3.218485636514446,72,SKU002,Warehouse A,Brand Z,381.4939445081098,15
2774,Product B,Clothing,45,Supplier Z,9.820704340735054,3.714020907306977,88,SKU002,Warehouse B,Brand Z,984.3514578013778,15
2775,Product A,Electronics,91,Supplier Y,15.00132027324478,1.918131536688642,26,SKU002,Warehouse C,Brand Y,40.03585435013505,7
2776,Product C,Clothing,40,Supplier Z,31.33650433443926,3.049321021078332,40,SKU001,Warehouse C,Brand Y,998.6121862571778,7
2777,Product B,Clothing,22,Supplier X,34.25863451507736,4.645629132552769,6,SKU003,Warehouse A,Brand Y,627.3915545327029,30
2778,Product A,Home,30,Supplier X,6.210164698188692,3.048914101462131,31,SKU001,Warehouse B,Brand Z,563.1199246501355,30
2779,Product A,Clothing,62,Supplier X,47.19023544958698,1.629292247150592,72,SKU002,Warehouse B,Brand Z,68.91731813833462,7
2780,Product C,Clothing,73,Supplier X,17.05220675951046,3.511257186750179,80,SKU001,Warehouse A,Brand Y,280.5955878992318,7
2781,Product B,Electronics,45,Supplier X,35.65843815001416,3.368800720034056,98,SKU002,Warehouse A,Brand Y,925.4160614086798,30
2782,Product B,Electronics,35,Supplier Y,26.21038594738494,1.107819039192525,15,SKU002,Warehouse A,Brand X,360.7035431573518,7
2783,Product C,Home,82,Supplier Z,11.13790567735533,1.362377622990266,1,SKU003,Warehouse A,Brand Z,665.0366684625784,30
2784,Product C,Electronics,42,Supplier Z,42.31141615577055,1.627125420564043,42,SKU002,Warehouse A,Brand Y,999.5013869145345,15
2785,Product A,Electronics,5,Supplier Y,40.9119014095965,1.54515631024748,30,SKU001,Warehouse B,Brand Y,270.4390166952057,30
2786,Product A,Home,27,Supplier Y,19.8035926958345,2.037863082243732,79,SKU003,Warehouse B,Brand Y,580.3200702243488,15
2787,Product C,Clothing,70,Supplier Y,29.43037928469277,2.816421292942272,46,SKU003,Warehouse A,Brand Z,699.473414775191,15
2788,Product B,Home,62,Supplier Z,12.89128479679699,2.486865191595938,32,SKU003,Warehouse A,Brand Y,172.980974099761,15
2789,Product A,Electronics,32,Supplier Z,34.49258143731507,4.562599565618388,84,SKU003,Warehouse C,Brand Y,157.1858380592203,7
2790,Product A,Home,8,Supplier X,15.45134063102157,3.448437637625348,16,SKU003,Warehouse B,Brand Y,461.7448325415916,7
2791,Product B,Clothing,85,Supplier Z,42.20393671911174,4.504577399847372,98,SKU001,Warehouse B,Brand Y,391.9543965416965,30
2792,Product A,Home,18,Supplier Z,10.86925521386372,3.108157299670395,53,SKU002,Warehouse A,Brand Y,717.0732824887407,15
2793,Product B,Electronics,78,Supplier Y,0.740171140923207,1.35948188275736,53,SKU002,Warehouse B,Brand X,78.81368373410038,30
2794,Product B,Electronics,15,Supplier Z,13.42540209839592,2.853149796265739,50,SKU002,Warehouse B,Brand Y,972.4449575032835,15
2795,Product B,Home,26,Supplier X,9.552624322974335,4.288130187369459,51,SKU002,Warehouse B,Brand X,24.13421186897403,15
2796,Product C,Clothing,53,Supplier Z,25.41432198624621,1.776415068668432,6,SKU003,Warehouse C,Brand Z,605.3036560927897,30
2797,Product C,Home,44,Supplier Y,10.18516458282881,1.364857115010599,53,SKU002,Warehouse B,Brand Z,567.0062699087144,30
2798,Product C,Clothing,32,Supplier Y,38.15949353597474,2.31773895335304,92,SKU002,Warehouse A,Brand Z,143.3685735610285,30
2799,Product B,Clothing,28,Supplier X,12.0685319002002,2.555591322560558,10,SKU003,Warehouse B,Brand Z,159.4068228863945,30
2800,Product B,Home,39,Supplier X,35.34840899563279,2.225030705623618,61,SKU003,Warehouse B,Brand Z,794.7507129166805,7
2801,Product C,Clothing,32,Supplier Z,28.9235461506862,1.540963142498224,29,SKU003,Warehouse C,Brand Y,888.6868338285562,15
2802,Product A,Electronics,77,Supplier X,49.31249282359422,2.003359438886858,81,SKU002,Warehouse B,Brand Y,290.1867962249319,15
2803,Product B,Home,79,Supplier X,49.99504885046158,3.729129618408441,56,SKU003,Warehouse C,Brand Z,443.5843243229427,7
2804,Product A,Clothing,18,Supplier Y,43.47630416586649,2.543714065172656,45,SKU003,Warehouse C,Brand Y,361.44509062797,15
2805,Product A,Electronics,70,Supplier Y,37.99916846493755,3.530197778474223,79,SKU001,Warehouse C,Brand X,81.82154285678537,7
2806,Product B,Home,11,Supplier Z,19.32282070002869,3.14521511967493,69,SKU001,Warehouse B,Brand X,676.4722035556513,15
2807,Product B,Electronics,32,Supplier Z,37.66383635656518,3.196211759430676,65,SKU002,Warehouse A,Brand Y,826.9410054576332,7
2808,Product A,Electronics,20,Supplier Z,47.83377685397453,1.994198231791184,54,SKU003,Warehouse A,Brand Z,311.830563817295,7
2809,Product A,Electronics,97,Supplier Z,1.168878769772208,3.086172131072726,57,SKU002,Warehouse B,Brand Z,990.274035694411,15
2810,Product C,Clothing,40,Supplier Y,26.89573500988694,1.094378855452807,9,SKU001,Warehouse C,Brand X,85.09304170953138,15
2811,Product C,Home,8,Supplier Z,10.89991521942173,2.726974969299705,3,SKU001,Warehouse A,Brand Y,665.1728066763757,15
2812,Product B,Home,35,Supplier Z,27.89381579344252,3.29049129275966,73,SKU003,Warehouse B,Brand X,453.7457343808281,30
2813,Product C,Clothing,69,Supplier X,23.32235448794456,1.727982485416437,72,SKU002,Warehouse A,Brand Y,452.1358820955893,15
2814,Product C,Home,99,Supplier Z,28.78842907761422,2.026234024995806,61,SKU001,Warehouse B,Brand Z,463.0691598732049,15
2815,Product C,Electronics,78,Supplier X,27.54811107093621,1.878124079262478,42,SKU003,Warehouse C,Brand X,266.0949560634141,15
2816,Product C,Home,21,Supplier Y,48.0053519584281,1.282231821061697,41,SKU002,Warehouse A,Brand Y,718.4071990589101,30
2817,Product A,Clothing,24,Supplier Z,27.6093054467368,2.39142928456036,23,SKU003,Warehouse B,Brand Z,724.3607608241766,15
2818,Product B,Electronics,17,Supplier X,42.31160440624336,4.915863065807757,4,SKU003,Warehouse B,Brand Y,289.5731390047687,7
2819,Product C,Clothing,18,Supplier Z,15.99101434004232,2.41552162585444,98,SKU001,Warehouse A,Brand Z,836.9533962498657,7
2820,Product A,Electronics,98,Supplier X,21.90503443955244,2.842146487347903,67,SKU002,Warehouse B,Brand Y,323.6764942138267,30
2821,Product A,Electronics,12,Supplier Z,23.52067380224049,3.612349003825501,98,SKU001,Warehouse A,Brand X,727.8421927466768,30
2822,Product A,Home,16,Supplier Y,13.93640216676899,3.593991004676429,76,SKU002,Warehouse B,Brand Y,129.7897698369458,30
2823,Product C,Electronics,4,Supplier Y,18.98951307389776,4.799579920074496,95,SKU002,Warehouse A,Brand X,177.0146263757082,30
2824,Product C,Clothing,89,Supplier X,29.92565397333876,4.430256561596501,44,SKU003,Warehouse C,Brand X,322.6376880631686,30
2825,Product B,Home,34,Supplier X,29.00938816522662,4.175802748420609,58,SKU003,Warehouse A,Brand X,597.9350299911829,15
2826,Product C,Clothing,92,Supplier Y,31.82176722867403,4.806508903113242,64,SKU002,Warehouse B,Brand Z,649.0563706239124,7
2827,Product C,Electronics,46,Supplier Z,17.59089577100706,1.923061541932686,62,SKU003,Warehouse C,Brand X,402.3926102478001,7
2828,Product A,Clothing,75,Supplier X,15.79157475765285,3.46821677848717,74,SKU001,Warehouse C,Brand X,87.06076157940889,15
2829,Product B,Clothing,77,Supplier Y,30.58089413770815,4.548787066888625,89,SKU002,Warehouse A,Brand X,379.898305571797,30
2830,Product C,Electronics,31,Supplier X,6.643087421376248,3.496552633112407,66,SKU001,Warehouse A,Brand Z,691.87984079956,15
2831,Product C,Home,25,Supplier Y,12.651577176607,4.909681898427478,48,SKU003,Warehouse A,Brand Y,674.2855065190128,30
2832,Product A,Clothing,74,Supplier Y,2.106386847649761,1.401410855625516,76,SKU002,Warehouse C,Brand Z,168.5944490733883,7
2833,Product A,Electronics,24,Supplier X,3.630542629804006,2.757322011172801,31,SKU003,Warehouse C,Brand Z,17.70613056627748,7
2834,Product C,Home,65,Supplier X,12.16916396303044,4.909451631634544,49,SKU001,Warehouse A,Brand Y,755.4518011231556,30
2835,Product B,Home,25,Supplier Y,0.9764640148459514,2.518272114279703,86,SKU002,Warehouse B,Brand Y,115.3044847213913,15
2836,Product B,Home,28,Supplier Z,12.27052960437308,3.958225500397218,57,SKU003,Warehouse C,Brand X,91.52565252464264,30
2837,Product A,Clothing,36,Supplier Y,32.7488161531013,1.121611604314597,51,SKU001,Warehouse A,Brand X,12.67420466582183,30
2838,Product A,Clothing,82,Supplier Z,3.055353923446652,3.779348458521252,22,SKU001,Warehouse B,Brand Y,438.2753126973579,7
2839,Product C,Clothing,6,Supplier Z,21.83683388973205,4.738506930110313,29,SKU003,Warehouse A,Brand Y,508.2312618918062,30
2840,Product A,Home,66,Supplier Z,45.65543934597747,2.530825140760011,69,SKU002,Warehouse C,Brand Z,641.2874056871048,15
2841,Product C,Clothing,67,Supplier X,39.56424144627005,1.085199351707718,70,SKU003,Warehouse C,Brand Z,303.10320230546,30
2842,Product B,Electronics,72,Supplier Y,15.27187511474286,1.111639217581935,29,SKU002,Warehouse A,Brand Z,713.3204692229122,7
2843,Product B,Clothing,95,Supplier Y,46.24027395958235,4.568093222844356,36,SKU001,Warehouse B,Brand Y,177.6385388328721,15
2844,Product C,Clothing,48,Supplier Z,16.48232483738624,3.890064428385047,47,SKU001,Warehouse C,Brand X,833.6701525792439,15
2845,Product A,Home,83,Supplier Z,3.625774816878125,1.426745536906319,31,SKU001,Warehouse A,Brand Z,576.1298456015411,7
2846,Product B,Clothing,70,Supplier Z,49.70279783840568,1.218361108204786,69,SKU003,Warehouse A,Brand Z,588.0509251383279,7
2847,Product A,Electronics,78,Supplier Y,43.50112635945859,4.219301454461918,34,SKU003,Warehouse B,Brand Y,217.6776596413171,30
2848,Product B,Home,67,Supplier Z,23.29663916505462,4.239442531221436,95,SKU003,Warehouse B,Brand Z,83.36766180738437,7
2849,Product C,Electronics,48,Supplier Y,33.3188262096202,1.482087359168196,75,SKU001,Warehouse C,Brand Y,470.0775550498647,7
2850,Product C,Home,65,Supplier Y,33.56140389283351,2.206081615554547,67,SKU002,Warehouse B,Brand X,619.4558324031353,7
2851,Product C,Home,44,Supplier X,9.724111536523017,4.120104258295559,31,SKU003,Warehouse B,Brand Z,104.0959940750687,7
2852,Product B,Clothing,94,Supplier Z,10.00243165768162,3.101648283816025,58,SKU003,Warehouse C,Brand Z,951.029129782885,15
2853,Product A,Electronics,63,Supplier Z,23.47903516759129,4.826339442901197,34,SKU003,Warehouse A,Brand Z,980.6102166304787,15
2854,Product A,Home,46,Supplier Z,45.5786570068849,2.92425058138402,15,SKU001,Warehouse C,Brand Y,550.0021284385671,15
2855,Product A,Clothing,19,Supplier X,0.499688742928539,3.70783175026205,78,SKU002,Warehouse C,Brand Y,950.5684637206721,7
2856,Product B,Home,64,Supplier Z,39.12528179746796,3.039133462966337,51,SKU002,Warehouse B,Brand X,187.6507852050445,30
2857,Product B,Home,83,Supplier Y,2.876339185732707,4.771861982740183,65,SKU002,Warehouse B,Brand Y,35.16647832772965,30
2858,Product B,Home,73,Supplier Z,23.91110574415589,2.594636368270435,5,SKU003,Warehouse A,Brand Z,49.01543993748603,30
2859,Product B,Home,71,Supplier Y,31.89364165367382,1.9191858207144,13,SKU003,Warehouse B,Brand Z,591.6373546325113,30
2860,Product B,Home,50,Supplier Y,34.33796335412324,2.306535441123973,28,SKU002,Warehouse A,Brand Y,71.02546460245529,15
2861,Product A,Home,63,Supplier Y,2.923963180795569,4.411100816660917,25,SKU001,Warehouse A,Brand X,958.9601507558461,30
2862,Product B,Clothing,41,Supplier Y,20.93018086919841,2.991754254048534,17,SKU002,Warehouse A,Brand Y,150.5138786518046,15
2863,Product B,Home,7,Supplier Z,29.19186302511623,2.417009214008956,3,SKU003,Warehouse C,Brand Y,311.6755779924488,30
2864,Product A,Electronics,9,Supplier X,3.302276865300346,3.177040087237931,56,SKU002,Warehouse B,Brand Z,824.292623978365,30
2865,Product B,Clothing,4,Supplier X,6.754727829765489,1.532918829107369,52,SKU002,Warehouse B,Brand Z,226.5529198730522,15
2866,Product A,Electronics,89,Supplier Y,33.18244947520193,1.021437218502384,24,SKU002,Warehouse A,Brand Z,250.5387738700249,15
2867,Product A,Home,49,Supplier Z,26.08190982953258,2.122338734773963,46,SKU001,Warehouse B,Brand Y,645.885866233108,30
2868,Product C,Electronics,76,Supplier X,8.091433063414527,3.420022879134169,51,SKU003,Warehouse A,Brand Y,283.3252276043697,7
2869,Product C,Home,6,Supplier Z,26.76196684573667,3.846723078645549,92,SKU003,Warehouse B,Brand X,225.2731576676233,30
2870,Product C,Home,82,Supplier X,45.63461867222079,4.306443865407866,33,SKU002,Warehouse C,Brand Z,261.635937162601,30
2871,Product C,Clothing,21,Supplier Y,0.7793792387681964,4.706654237577879,15,SKU003,Warehouse B,Brand X,495.7410243473196,30
2872,Product B,Clothing,15,Supplier Y,32.13168867429273,2.648449387859072,93,SKU001,Warehouse A,Brand Z,966.4388740041672,15
2873,Product C,Home,67,Supplier Y,3.682521730267097,3.962067198229819,86,SKU002,Warehouse C,Brand X,833.915562145616,30
2874,Product A,Clothing,66,Supplier X,0.3224721482350423,1.29869172079225,35,SKU001,Warehouse B,Brand Z,291.7641619145754,7
2875,Product B,Electronics,56,Supplier Z,7.53272443303169,1.23011999508832,27,SKU002,Warehouse C,Brand Y,369.7394764131167,30
2876,Product C,Clothing,68,Supplier Y,21.14533159269596,1.499191967944626,64,SKU002,Warehouse A,Brand Z,469.8671279990367,7
2877,Product A,Clothing,32,Supplier Z,40.11719994909765,2.79427639132305,71,SKU002,Warehouse A,Brand X,979.1403505468205,7
2878,Product B,Electronics,66,Supplier Z,14.08927483022793,1.845125753995,52,SKU001,Warehouse B,Brand X,180.6665636523585,7
2879,Product B,Clothing,29,Supplier Y,31.28366061943793,2.147699767751263,41,SKU003,Warehouse A,Brand Z,363.908272456964,30
2880,Product C,Home,66,Supplier X,20.55783189776533,3.591520694049211,78,SKU003,Warehouse B,Brand Y,732.1318330428878,15
2881,Product B,Electronics,34,Supplier Y,11.7165895983004,2.434088715211384,97,SKU003,Warehouse A,Brand Z,964.3042969262539,15
2882,Product A,Home,27,Supplier Y,25.71235571414293,3.229486230872089,18,SKU003,Warehouse A,Brand Y,164.1184606365953,30
2883,Product B,Electronics,60,Supplier X,39.87322451863116,2.649615026946369,43,SKU001,Warehouse A,Brand Z,235.1061546524023,30
2884,Product A,Home,39,Supplier Z,41.62461850280721,1.675877022079278,29,SKU003,Warehouse B,Brand Y,233.4377276465259,7
2885,Product B,Home,44,Supplier X,42.32597659386184,1.296079961023576,73,SKU003,Warehouse B,Brand Z,30.72270919715278,30
2886,Product C,Clothing,82,Supplier X,16.92789062774897,1.944925981239551,43,SKU002,Warehouse B,Brand Z,608.07446873114,15
2887,Product A,Home,36,Supplier Y,39.67280323578765,1.230801877964177,26,SKU001,Warehouse B,Brand Y,673.9960434044349,30
2888,Product B,Clothing,19,Supplier X,10.60892275544539,3.474447839559228,83,SKU002,Warehouse A,Brand Y,606.5006312240008,30
2889,Product B,Electronics,91,Supplier X,36.92125506214416,4.182870405864401,88,SKU003,Warehouse C,Brand Z,80.6097595186862,30
2890,Product B,Home,45,Supplier X,47.41922131363084,2.358963072949603,72,SKU002,Warehouse B,Brand X,78.53782448817539,7
2891,Product A,Home,84,Supplier Z,0.6871917345478595,2.548444221409433,33,SKU003,Warehouse A,Brand Y,218.2826889491828,30
2892,Product A,Electronics,21,Supplier Z,22.0181965589399,4.264764251037226,84,SKU002,Warehouse A,Brand X,297.3915705419255,30
2893,Product A,Electronics,23,Supplier Y,32.38854942070023,1.890451649494241,23,SKU001,Warehouse B,Brand X,788.678219350947,30
2894,Product C,Home,94,Supplier Y,35.08878852437765,1.476641060779497,55,SKU002,Warehouse B,Brand X,167.7963630914319,15
2895,Product C,Electronics,89,Supplier Z,8.80438791346011,3.004472469324346,6,SKU002,Warehouse A,Brand X,53.65129423355681,7
2896,Product A,Clothing,95,Supplier X,48.60916376192964,3.584760678132949,67,SKU002,Warehouse B,Brand Z,400.0476326359246,7
2897,Product B,Electronics,27,Supplier Y,30.76326839854865,3.398617700185917,50,SKU002,Warehouse B,Brand Y,422.2282484405011,15
2898,Product C,Electronics,98,Supplier Y,8.21703006141339,3.855492181096723,7,SKU003,Warehouse C,Brand Z,456.3982648070647,7
2899,Product A,Home,72,Supplier X,1.026125585625765,1.227004728692096,55,SKU002,Warehouse C,Brand Z,828.6345085866989,15
2900,Product B,Clothing,19,Supplier X,39.16320993948879,2.712806451033491,76,SKU001,Warehouse B,Brand Z,107.0253607222323,7
2901,Product C,Electronics,41,Supplier X,3.985236972272954,1.954282095782772,57,SKU002,Warehouse C,Brand Z,706.9026615977425,7
2902,Product B,Clothing,26,Supplier X,7.052546053511827,4.036485038184097,84,SKU001,Warehouse C,Brand Z,344.5661153348379,7
2903,Product B,Clothing,28,Supplier X,28.74150134278453,4.490921936241398,98,SKU002,Warehouse B,Brand Y,316.8803350711153,30
2904,Product B,Clothing,64,Supplier Z,30.17527517248099,2.12534296322566,68,SKU003,Warehouse A,Brand Z,933.2176948251201,7
2905,Product B,Home,68,Supplier X,34.34435592961992,1.380872316277633,7,SKU001,Warehouse A,Brand Z,255.9838391725746,30
2906,Product C,Electronics,95,Supplier Y,19.67570063318104,2.013711847965587,65,SKU001,Warehouse A,Brand Z,646.1065169859727,30
2907,Product C,Home,80,Supplier Z,38.69493344834115,1.416033956235679,23,SKU002,Warehouse A,Brand X,282.3764798023312,30
2908,Product C,Electronics,51,Supplier Y,48.71792998079443,2.289688664453815,41,SKU003,Warehouse C,Brand Z,512.0724438139813,15
2909,Product A,Electronics,74,Supplier X,13.55474715399415,3.152794313287303,53,SKU003,Warehouse C,Brand Y,788.4299636703151,7
2910,Product C,Home,48,Supplier Y,35.1514308268973,4.894723817592826,15,SKU001,Warehouse B,Brand Y,882.905298281098,7
2911,Product B,Clothing,10,Supplier X,46.42343261975784,2.597481017405434,3,SKU002,Warehouse B,Brand Y,840.3102678920998,7
2912,Product C,Clothing,73,Supplier Y,34.31433813085214,1.880159695418484,58,SKU003,Warehouse A,Brand X,586.3589287831934,30
2913,Product B,Electronics,39,Supplier Y,34.05547493221297,1.66720696148334,93,SKU003,Warehouse A,Brand Y,256.3281521848399,7
2914,Product A,Home,19,Supplier X,11.18862845426033,1.692159064554704,45,SKU003,Warehouse B,Brand X,664.6210494292471,30
2915,Product B,Clothing,64,Supplier Y,26.75651001598465,1.770390733045837,93,SKU002,Warehouse B,Brand Y,712.8059953218119,30
2916,Product B,Clothing,19,Supplier Z,28.12614218022901,4.049068090149788,98,SKU002,Warehouse A,Brand X,20.5850702123664,30
2917,Product B,Electronics,76,Supplier Y,35.00647812279764,1.24411084572968,12,SKU001,Warehouse C,Brand Y,444.8184058225558,30
2918,Product A,Electronics,62,Supplier Z,49.84107249480913,4.989610827772136,36,SKU002,Warehouse C,Brand Z,844.8294223935467,7
2919,Product C,Home,13,Supplier Z,1.682191127188104,3.090745564665045,53,SKU003,Warehouse C,Brand Y,494.6917202806169,30
2920,Product C,Electronics,25,Supplier Y,3.261633063374342,3.177087577203303,48,SKU001,Warehouse C,Brand Y,318.2616877416879,15
2921,Product A,Clothing,89,Supplier Z,3.897503471545938,2.430255514798419,74,SKU002,Warehouse C,Brand Y,873.0797933144161,15
2922,Product B,Clothing,92,Supplier Z,37.14895672444784,3.761021437648482,57,SKU003,Warehouse B,Brand Z,164.3218905545077,15
2923,Product C,Clothing,42,Supplier Y,6.817689755537875,2.885825363523191,18,SKU003,Warehouse B,Brand X,214.3807800920384,30
2924,Product A,Clothing,39,Supplier X,31.12259372451726,2.316245139858199,17,SKU001,Warehouse A,Brand X,690.498643266772,7
2925,Product C,Home,30,Supplier X,16.23344389467292,2.060553614832171,59,SKU001,Warehouse B,Brand Z,358.9115821113093,7
2926,Product A,Home,5,Supplier Z,22.86599781053555,4.702604827733039,16,SKU002,Warehouse B,Brand Z,715.8866673764411,30
2927,Product B,Electronics,81,Supplier Z,10.78315799087069,2.163958060209681,10,SKU002,Warehouse B,Brand X,166.126585046897,30
2928,Product C,Electronics,18,Supplier X,43.30532806522711,2.745573037719368,14,SKU001,Warehouse B,Brand X,259.7463987048375,30
2929,Product A,Electronics,21,Supplier Z,29.30751620815132,2.401365608465873,71,SKU001,Warehouse A,Brand X,165.0809045799972,15
2930,Product C,Home,86,Supplier X,47.22816317911263,1.344715309712144,92,SKU003,Warehouse B,Brand X,953.3812104278745,30
2931,Product C,Clothing,50,Supplier Y,28.72981248521648,1.743737577929068,16,SKU002,Warehouse B,Brand X,411.3499212424149,30
2932,Product C,Electronics,6,Supplier Z,6.195401529847333,1.758007901305528,89,SKU003,Warehouse A,Brand Z,343.8477108111237,7
2933,Product C,Clothing,50,Supplier Y,8.543521691923772,3.774598057558619,4,SKU001,Warehouse B,Brand X,24.06013460905706,7
2934,Product A,Electronics,80,Supplier X,49.45369881839236,2.626341639863237,60,SKU001,Warehouse A,Brand X,161.8834036167785,15
2935,Product B,Electronics,66,Supplier X,36.27825986654339,4.127870252282634,3,SKU001,Warehouse C,Brand Y,426.9244976800745,15
2936,Product A,Electronics,1,Supplier Y,2.463937501454483,3.835803697336628,55,SKU002,Warehouse C,Brand Z,77.81776464617512,15
2937,Product A,Electronics,57,Supplier Z,35.18905025173324,1.768199065584151,87,SKU001,Warehouse B,Brand Z,515.6319362111548,15
2938,Product A,Electronics,30,Supplier Y,20.60865234048058,3.251667680480403,74,SKU001,Warehouse B,Brand X,460.4652840798033,30
2939,Product B,Clothing,58,Supplier Y,15.36041934115953,3.971635384195211,93,SKU002,Warehouse B,Brand Y,769.4964589409085,30
2940,Product C,Electronics,52,Supplier Z,7.703039686526713,3.532171693902892,47,SKU001,Warehouse B,Brand Y,663.2046743863134,15
2941,Product C,Clothing,37,Supplier X,41.99519772782828,3.400066032351924,47,SKU002,Warehouse C,Brand X,451.487832267368,15
2942,Product C,Home,48,Supplier Y,3.192068949455034,3.958443549603072,34,SKU001,Warehouse C,Brand Y,232.4140931040207,7
2943,Product B,Electronics,87,Supplier Y,14.49177311898202,1.227122957025228,32,SKU002,Warehouse B,Brand X,729.5949303576283,7
2944,Product C,Clothing,1,Supplier X,15.31914469128522,3.925687789445731,99,SKU002,Warehouse A,Brand Z,710.7834824196622,7
2945,Product B,Home,19,Supplier Y,8.045264198175017,2.090621052613713,20,SKU002,Warehouse A,Brand Y,161.7631989102335,15
2946,Product C,Home,46,Supplier X,25.40924416434351,3.287489018037416,4,SKU002,Warehouse C,Brand X,915.6043131111487,7
2947,Product C,Home,67,Supplier Z,0.5851313405446312,1.96921997878603,63,SKU003,Warehouse A,Brand X,73.76106485489274,15
2948,Product A,Clothing,2,Supplier X,15.04877577052046,4.35527028882735,68,SKU002,Warehouse B,Brand X,64.48733180378903,30
2949,Product B,Electronics,56,Supplier X,46.6814722016532,2.922237417203024,20,SKU002,Warehouse B,Brand Z,195.4769134858027,15
2950,Product A,Electronics,17,Supplier Y,15.52647846710028,3.571764848099934,88,SKU002,Warehouse B,Brand Y,910.3661900682835,30
2951,Product A,Clothing,92,Supplier X,18.02296935533758,4.176328173906912,73,SKU002,Warehouse B,Brand Z,524.7981427965526,30
2952,Product A,Electronics,82,Supplier X,23.65825241170358,4.581261020285457,82,SKU001,Warehouse B,Brand Z,790.0615114661712,15
2953,Product B,Clothing,97,Supplier Y,28.08466874257374,3.928248388277364,31,SKU001,Warehouse A,Brand Y,235.5647561957356,7
2954,Product B,Electronics,79,Supplier X,40.4354322410372,1.595074304761623,17,SKU002,Warehouse A,Brand Z,495.3197549072034,15
2955,Product C,Home,22,Supplier Y,9.51606115780088,4.418129478343146,57,SKU002,Warehouse C,Brand X,364.7065689876434,7
2956,Product A,Electronics,27,Supplier Z,43.58731885962786,3.474311663462025,97,SKU003,Warehouse C,Brand Y,829.5503209955307,30
2957,Product C,Clothing,55,Supplier X,37.87746785719447,3.437799033521094,78,SKU002,Warehouse A,Brand Z,32.37839496563436,30
2958,Product A,Clothing,32,Supplier Z,36.13251673307776,4.685362239219686,23,SKU002,Warehouse A,Brand Y,251.4043026664443,30
2959,Product B,Home,60,Supplier X,4.340228685731762,1.995326222663532,4,SKU002,Warehouse C,Brand Z,161.048482059355,30
2960,Product B,Clothing,83,Supplier X,1.082034498729234,1.958350473976133,52,SKU001,Warehouse B,Brand X,860.5971483343537,15
2961,Product B,Electronics,28,Supplier Z,29.7006350454042,3.052774218779847,95,SKU002,Warehouse C,Brand Z,472.868411196828,30
2962,Product A,Electronics,28,Supplier Z,43.15669812615806,4.00345226613946,72,SKU002,Warehouse C,Brand Y,410.177843454284,7
2963,Product B,Home,74,Supplier Y,29.22207320703179,2.788962832914037,54,SKU003,Warehouse A,Brand Z,454.987934480069,7
2964,Product A,Clothing,84,Supplier Y,10.66174327227654,3.535565559569609,4,SKU001,Warehouse C,Brand X,972.2053051953118,30
2965,Product C,Home,25,Supplier Z,4.525994897460661,2.810098896890875,68,SKU003,Warehouse C,Brand X,851.7647203925649,15
2966,Product A,Electronics,85,Supplier X,34.97982264088675,3.441548721947875,40,SKU002,Warehouse A,Brand X,709.3050841318045,30
2967,Product C,Home,78,Supplier Y,36.08851386589048,4.289049210454845,97,SKU003,Warehouse B,Brand Z,297.5741696310221,30
2968,Product A,Clothing,86,Supplier X,8.626585034355433,1.721906784363693,6,SKU002,Warehouse B,Brand Y,173.5212695232633,7
2969,Product C,Home,26,Supplier Y,1.409515774826814,3.781514136023936,89,SKU002,Warehouse B,Brand Z,922.2192927342088,15
2970,Product B,Clothing,75,Supplier Y,20.41417566115985,4.149702957352734,0,SKU001,Warehouse A,Brand Z,428.844767568518,15
2971,Product C,Clothing,71,Supplier Y,29.13593510665111,2.78844562992713,51,SKU003,Warehouse C,Brand Z,285.9682414739429,7
2972,Product B,Electronics,17,Supplier Z,35.30012047835956,2.292934308271417,97,SKU002,Warehouse B,Brand Y,476.2116181534591,7
2973,Product B,Electronics,82,Supplier X,40.49725045764514,1.054177295697608,25,SKU003,Warehouse C,Brand X,918.6689485921486,7
2974,Product C,Electronics,7,Supplier Z,30.52687136533662,4.188420089336374,95,SKU001,Warehouse A,Brand X,393.1966402573802,15
2975,Product A,Clothing,56,Supplier Y,5.544030429924252,2.311754636143952,62,SKU002,Warehouse B,Brand X,567.0145872756185,7
2976,Product A,Home,64,Supplier Z,34.12908360712074,2.429237877632201,11,SKU001,Warehouse B,Brand Y,804.9366380974811,7
2977,Product A,Clothing,20,Supplier Z,49.2088321447441,2.344024652395249,69,SKU003,Warehouse C,Brand Z,432.8612057379073,7
2978,Product A,Electronics,38,Supplier Z,45.2792292298702,2.994957323249352,83,SKU003,Warehouse B,Brand Z,241.2063839071046,30
2979,Product A,Electronics,75,Supplier X,43.58344546347563,3.809998292876308,18,SKU003,Warehouse A,Brand Z,994.5804908992031,15
2980,Product B,Home,58,Supplier Z,15.10850766791704,4.087452524002043,79,SKU002,Warehouse C,Brand Y,957.005148877638,15
2981,Product A,Electronics,16,Supplier Z,37.53940882270003,2.570282881612633,3,SKU002,Warehouse C,Brand Z,845.0443774342589,30
2982,Product B,Electronics,51,Supplier Z,42.55517229825728,3.652408140180676,95,SKU002,Warehouse B,Brand Y,691.4901405920633,15
2983,Product B,Electronics,27,Supplier Z,33.91631023156316,3.882737001085261,81,SKU001,Warehouse B,Brand X,301.916971789,7
2984,Product B,Home,51,Supplier Z,12.52808782839903,2.187669326709526,4,SKU003,Warehouse B,Brand X,914.2788087823917,30
2985,Product C,Clothing,75,Supplier Z,47.69169859374792,1.386485878148373,53,SKU003,Warehouse B,Brand Y,282.8011034200165,7
2986,Product C,Electronics,16,Supplier Z,22.54097057293379,4.57866288257785,69,SKU003,Warehouse C,Brand X,802.8013997300642,7
2987,Product B,Home,87,Supplier Y,6.49027793329397,3.708463887126372,56,SKU001,Warehouse C,Brand Y,919.0755862618932,7
2988,Product C,Electronics,60,Supplier Z,5.4888947528696,3.592441635505166,77,SKU002,Warehouse B,Brand Z,606.9738020256124,7
2989,Product A,Home,76,Supplier Z,32.37594936495229,1.235610060847912,51,SKU001,Warehouse C,Brand X,805.025655712267,15
2990,Product A,Electronics,40,Supplier X,21.88548232083696,4.271492230015706,17,SKU003,Warehouse A,Brand X,793.7781482097291,30
2991,Product B,Home,67,Supplier Y,4.72419375894818,3.264216624344213,63,SKU003,Warehouse C,Brand Z,201.2261736097701,30
2992,Product A,Electronics,2,Supplier Z,37.01822860780473,4.391537669270265,9,SKU001,Warehouse A,Brand Z,671.2452288601238,7
2993,Product B,Clothing,48,Supplier X,39.96625836293099,4.898244734947045,22,SKU002,Warehouse A,Brand Y,102.5332575353991,30
2994,Product B,Electronics,52,Supplier Z,36.27078153932256,4.828401283520968,81,SKU002,Warehouse A,Brand X,512.7716417061065,30
2995,Product A,Home,24,Supplier Z,10.11304388420065,4.42435738556083,67,SKU003,Warehouse B,Brand Z,170.6131926591717,7
2996,Product C,Electronics,93,Supplier Z,34.48877279980347,1.043789495325476,51,SKU001,Warehouse C,Brand X,422.1860038084674,7
2997,Product A,Clothing,98,Supplier Z,0.5361401447192549,4.542908832947826,95,SKU002,Warehouse A,Brand X,834.6522539514533,15
2998,Product A,Electronics,84,Supplier Z,15.25560698392046,1.300249255310582,46,SKU001,Warehouse B,Brand X,987.2961612339024,15
2999,Product B,Home,82,Supplier X,19.94107657037719,4.404775880707069,69,SKU003,Warehouse C,Brand X,324.7802333430216,7
3000,Product B,Home,78,Supplier Z,41.76234744427508,2.120696274446495,25,SKU003,Warehouse C,Brand Y,536.6361417953449,15
3001,Product B,Clothing,82,Supplier X,19.51971865347021,3.44027335413347,69,SKU003,Warehouse B,Brand Z,516.1850441267836,15
3002,Product B,Home,2,Supplier Z,0.5634723094699146,1.152272924599519,98,SKU003,Warehouse C,Brand X,954.8574947327553,30
3003,Product C,Electronics,65,Supplier X,17.61732059140047,4.084726784472912,42,SKU002,Warehouse B,Brand Z,483.7978951084458,7
3004,Product C,Electronics,20,Supplier Y,24.94620491796436,1.446824488931886,68,SKU003,Warehouse B,Brand Z,702.1151433457009,30
3005,Product C,Electronics,34,Supplier Z,47.45023933363867,2.642752686703087,62,SKU002,Warehouse B,Brand Y,922.5713407774408,30
3006,Product B,Home,41,Supplier Y,47.05171518947724,4.269784009301206,77,SKU002,Warehouse C,Brand Y,379.6447739414717,7
3007,Product B,Electronics,41,Supplier Y,9.043701911070578,3.781395986033341,65,SKU001,Warehouse B,Brand X,903.1010158629338,30
3008,Product B,Electronics,75,Supplier Y,9.257327086972577,1.024170787432268,62,SKU003,Warehouse B,Brand X,918.2816596721034,15
3009,Product C,Electronics,91,Supplier Z,8.169072823227525,2.612129338170195,12,SKU002,Warehouse C,Brand Y,931.3558789274593,15
3010,Product B,Clothing,23,Supplier Y,39.44609662070516,1.167710067858032,50,SKU001,Warehouse A,Brand Z,277.7417236167121,15
3011,Product A,Home,38,Supplier X,0.3011020184203184,3.693999443273877,4,SKU001,Warehouse B,Brand Z,406.3520383272589,15
3012,Product A,Home,44,Supplier Z,6.358859909593867,4.875793967013285,46,SKU003,Warehouse B,Brand Y,871.6919491434448,15
3013,Product B,Home,67,Supplier Y,26.89798158220495,3.621045049203037,35,SKU003,Warehouse A,Brand X,365.5702060376146,30
3014,Product A,Clothing,62,Supplier Z,12.37810334433828,1.897489724470223,35,SKU001,Warehouse C,Brand X,604.25050260417,7
3015,Product A,Home,12,Supplier Y,4.617822911963104,2.42093212826616,49,SKU002,Warehouse C,Brand X,126.8739621874514,30
3016,Product C,Clothing,30,Supplier X,17.99390061669171,4.906602222633871,55,SKU003,Warehouse C,Brand Y,65.71223823012835,30
3017,Product B,Clothing,95,Supplier Z,13.71038025301224,1.8962096481294,18,SKU001,Warehouse B,Brand Y,417.8740495972509,15
3018,Product B,Home,87,Supplier Z,25.55521532571423,3.246116292217771,19,SKU001,Warehouse A,Brand Z,583.1273672667903,15
3019,Product C,Electronics,65,Supplier Y,48.96167969150979,2.601815234726979,21,SKU002,Warehouse C,Brand Y,398.7721222253519,30
3020,Product A,Electronics,41,Supplier X,6.215231840745922,4.073261191712886,30,SKU002,Warehouse A,Brand X,581.9584124592336,30
3021,Product A,Home,20,Supplier Z,18.63633524170471,4.469557087919549,61,SKU001,Warehouse C,Brand Z,519.9335324100672,7
3022,Product B,Home,6,Supplier Y,46.59925089362373,2.363349097401187,43,SKU002,Warehouse B,Brand X,688.8501569932151,7
3023,Product A,Clothing,75,Supplier X,43.84365217469113,3.64158545479753,67,SKU003,Warehouse C,Brand X,653.0371067547359,7
3024,Product C,Home,99,Supplier X,19.71355173921403,3.196190790070909,66,SKU001,Warehouse A,Brand Z,430.0032461745143,7
3025,Product C,Clothing,4,Supplier X,34.94766322598682,2.113777960221733,88,SKU002,Warehouse A,Brand X,430.7452880156646,7
3026,Product B,Home,93,Supplier X,4.392850679067278,2.087763211252007,48,SKU002,Warehouse A,Brand Z,149.3705566121097,15
3027,Product C,Electronics,10,Supplier Z,35.62705277718076,3.154526590129216,58,SKU002,Warehouse B,Brand X,518.1061863754946,7
3028,Product C,Electronics,51,Supplier Z,48.64288647423707,1.616011494129199,3,SKU002,Warehouse C,Brand X,591.3073368543397,30
3029,Product B,Home,93,Supplier X,26.87440764170958,4.243239585929886,38,SKU001,Warehouse B,Brand Z,481.724503380288,15
3030,Product C,Clothing,38,Supplier Y,24.92451135172071,1.276019356801608,6,SKU002,Warehouse B,Brand X,332.450261736129,30
3031,Product C,Electronics,1,Supplier Y,9.365930985095517,1.378297944833265,70,SKU003,Warehouse A,Brand X,724.4320588092185,15
3032,Product C,Clothing,8,Supplier X,31.68940994536459,2.36890523570907,48,SKU003,Warehouse A,Brand Z,83.91502819877182,15
3033,Product A,Home,81,Supplier X,29.52186403894574,1.472367032788533,88,SKU001,Warehouse B,Brand Z,915.2959660565068,7
3034,Product B,Home,83,Supplier Y,32.59665297378753,2.90280008502197,14,SKU001,Warehouse B,Brand Z,30.43700515033535,30
3035,Product B,Electronics,63,Supplier X,1.304164334236091,2.598703561767481,6,SKU003,Warehouse C,Brand Y,962.7266321038951,7
3036,Product B,Home,33,Supplier X,27.43617441745368,3.887239183542868,46,SKU003,Warehouse A,Brand X,467.7320449253158,30
3037,Product A,Electronics,15,Supplier Z,29.74674217486865,4.812016620838881,67,SKU001,Warehouse A,Brand Z,418.5432445635058,30
3038,Product A,Clothing,31,Supplier Z,10.37650677064011,4.014234338956504,97,SKU003,Warehouse A,Brand X,263.8795772885562,7
3039,Product B,Electronics,21,Supplier X,10.4166428744268,1.717794651522417,44,SKU003,Warehouse C,Brand Z,19.97042348396034,7
3040,Product A,Electronics,3,Supplier X,13.81090842554749,4.742085141857612,18,SKU001,Warehouse C,Brand X,282.0423617775818,15
3041,Product B,Clothing,66,Supplier Z,35.58607958636188,2.568533730212269,46,SKU001,Warehouse A,Brand X,118.3059262057306,15
3042,Product A,Electronics,35,Supplier X,30.31330317661858,2.896757443707652,52,SKU002,Warehouse A,Brand Z,663.2226342664608,15
3043,Product C,Electronics,41,Supplier Z,42.28813230589023,2.686304949482542,26,SKU002,Warehouse B,Brand Z,325.884222597519,30
3044,Product C,Home,59,Supplier Z,14.78292859215491,2.122188093150876,4,SKU003,Warehouse B,Brand Y,769.5075351196249,7
3045,Product B,Clothing,16,Supplier Y,45.60340299441592,4.580177151189936,59,SKU001,Warehouse C,Brand Z,214.8470254726558,15
3046,Product A,Electronics,56,Supplier Z,37.18530809916792,2.328955463586464,76,SKU002,Warehouse A,Brand Z,901.2325088577884,7
3047,Product A,Clothing,45,Supplier Y,19.75058350068485,3.314385878718185,61,SKU003,Warehouse B,Brand Z,527.7516999547743,15
3048,Product C,Clothing,59,Supplier Y,4.763103281272796,1.960134337497321,58,SKU003,Warehouse B,Brand Y,123.3611345042916,15
3049,Product C,Electronics,50,Supplier Z,12.84918312437413,4.189501499080722,60,SKU003,Warehouse A,Brand X,406.8367832969442,7
3050,Product A,Home,85,Supplier X,47.83841086074251,4.096794638116746,55,SKU003,Warehouse A,Brand Y,214.692918829064,15
3051,Product A,Clothing,12,Supplier Z,15.51816879420397,2.185248553788176,77,SKU001,Warehouse B,Brand X,207.6885719064974,7
3052,Product A,Electronics,92,Supplier Y,16.49504800745322,3.726216292573814,93,SKU003,Warehouse A,Brand Z,511.3060402756868,15
3053,Product A,Clothing,12,Supplier Z,9.47944655488585,3.815494132379799,46,SKU002,Warehouse A,Brand Z,675.1730954800089,7
3054,Product A,Home,33,Supplier Z,40.34253005693827,3.250045664419065,47,SKU001,Warehouse C,Brand Z,912.502023448394,15
3055,Product A,Home,84,Supplier Y,13.78221151211387,3.402393529086681,9,SKU003,Warehouse B,Brand Y,507.1403906560168,15
3056,Product B,Home,49,Supplier Z,16.51291241844278,3.297818553163183,31,SKU002,Warehouse B,Brand Y,966.1803873077469,30
3057,Product A,Electronics,21,Supplier Z,20.71740542158133,1.327457615979382,64,SKU002,Warehouse C,Brand Z,942.2185035526351,7
3058,Product C,Electronics,60,Supplier Y,21.68641398873049,3.68106137885514,23,SKU001,Warehouse C,Brand Y,866.4119046845168,15
3059,Product B,Home,52,Supplier X,20.56703952075108,2.879100039354765,28,SKU001,Warehouse B,Brand Z,504.9774923127944,30
3060,Product A,Electronics,54,Supplier Y,25.18718476873643,2.753829122165654,6,SKU001,Warehouse B,Brand Y,149.4949042511037,7
3061,Product C,Home,39,Supplier Y,40.72564398082017,4.439996875127203,94,SKU002,Warehouse A,Brand Z,225.7254251172311,15
3062,Product B,Electronics,49,Supplier Z,40.9642520371011,1.092906853844471,16,SKU002,Warehouse A,Brand Y,651.1933026848559,15
3063,Product C,Home,64,Supplier Y,39.91565668816735,2.005259671835021,93,SKU003,Warehouse B,Brand X,427.5374304813541,15
3064,Product A,Clothing,86,Supplier Z,5.056241955824375,1.485613999370985,24,SKU001,Warehouse A,Brand Z,155.3336154364565,7
3065,Product A,Home,26,Supplier Z,39.98394016374071,1.141364178438903,91,SKU001,Warehouse A,Brand Y,484.2039943029173,30
3066,Product A,Home,71,Supplier Z,6.012588674328839,2.10270799070379,35,SKU001,Warehouse A,Brand Y,27.25624004702546,15
3067,Product A,Electronics,7,Supplier Y,6.236188502612899,4.953905091178711,60,SKU001,Warehouse C,Brand Z,736.5564171905972,30
3068,Product B,Electronics,72,Supplier Y,47.39313858174804,2.080916692830295,70,SKU002,Warehouse B,Brand Y,82.84548154479396,7
3069,Product B,Electronics,62,Supplier Z,40.96989223527707,3.654823279183085,34,SKU001,Warehouse B,Brand X,632.8224837129978,7
3070,Product C,Electronics,90,Supplier X,27.62052334340043,1.473195560162886,83,SKU002,Warehouse B,Brand X,795.0802045493434,15
3071,Product A,Electronics,88,Supplier X,43.74851022389311,3.40739052018892,77,SKU002,Warehouse A,Brand Y,141.3174357094259,15
3072,Product C,Electronics,24,Supplier Y,49.46823212759314,4.937925932553253,49,SKU001,Warehouse A,Brand Z,523.4523037593524,15
3073,Product B,Clothing,40,Supplier Z,30.53210333158888,2.167350093841861,55,SKU002,Warehouse C,Brand Y,781.2768392158749,30
3074,Product A,Home,76,Supplier Z,30.6449218490759,4.392302465502331,93,SKU002,Warehouse C,Brand Y,268.0271202094314,30
3075,Product A,Home,47,Supplier Y,37.7213514579964,4.990285521466141,64,SKU001,Warehouse B,Brand X,171.2874270716029,15
3076,Product B,Home,8,Supplier X,11.60694761826664,3.354216354882976,40,SKU001,Warehouse C,Brand Y,343.4509198577823,7
3077,Product B,Clothing,54,Supplier Y,8.356243075939968,2.237604401712141,24,SKU003,Warehouse C,Brand Z,559.1521848174826,7
3078,Product B,Home,9,Supplier Y,37.97903750075363,3.694125039596625,33,SKU002,Warehouse A,Brand X,579.5267989062025,15
3079,Product B,Clothing,3,Supplier Z,17.24523974970512,4.379392825074476,7,SKU002,Warehouse B,Brand Y,139.5675701231101,30
3080,Product B,Clothing,54,Supplier Y,6.7535178152967,1.685400971847913,55,SKU003,Warehouse B,Brand Z,462.9931591972319,7
3081,Product A,Clothing,21,Supplier X,15.74388629588749,2.810063055365813,83,SKU003,Warehouse C,Brand X,275.599373584093,30
3082,Product B,Home,95,Supplier Y,17.93184339372877,2.276750840495364,29,SKU001,Warehouse A,Brand Z,843.6039758843012,15
3083,Product A,Clothing,48,Supplier Z,48.26138297528453,2.133435987849519,67,SKU003,Warehouse C,Brand Z,320.4393807433905,30
3084,Product A,Home,47,Supplier X,34.89798555439616,4.44328504296069,20,SKU001,Warehouse C,Brand Z,840.317479288521,30
3085,Product B,Home,88,Supplier Z,26.5428158699867,2.686616027287354,90,SKU001,Warehouse B,Brand Y,434.2789664757742,30
3086,Product B,Electronics,68,Supplier Y,48.44365693413025,2.356305367215651,9,SKU001,Warehouse A,Brand X,729.3199081681887,7
3087,Product A,Electronics,84,Supplier Y,45.15698702370904,3.414042165704055,86,SKU002,Warehouse C,Brand Y,514.9596262587022,30
3088,Product B,Clothing,63,Supplier Y,25.60004283070799,1.877606318549525,32,SKU002,Warehouse C,Brand X,625.7429978896668,30
3089,Product B,Clothing,16,Supplier Z,45.28398176884904,1.919573962272316,74,SKU001,Warehouse A,Brand Z,401.4029457527693,30
3090,Product B,Home,74,Supplier Y,20.21523290313283,3.081154923486018,82,SKU003,Warehouse C,Brand Z,770.5247001294158,15
3091,Product C,Clothing,90,Supplier X,11.52103326783123,2.637090914584737,74,SKU002,Warehouse B,Brand Y,430.9374897379217,30
3092,Product A,Clothing,93,Supplier X,11.63390884110426,2.179929535689298,3,SKU002,Warehouse C,Brand Z,462.8870301199637,30
3093,Product C,Home,5,Supplier Z,33.11577622210633,1.215804529096409,22,SKU003,Warehouse B,Brand Z,522.5018815486476,7
3094,Product B,Clothing,11,Supplier Z,25.05351603536386,3.083096954554086,68,SKU002,Warehouse B,Brand Z,833.5058772021237,15
3095,Product C,Clothing,29,Supplier Z,32.94754235027234,4.2664368224043,52,SKU003,Warehouse B,Brand X,662.7851393154502,30
3096,Product B,Home,79,Supplier Y,34.30379821310849,4.405508821144231,4,SKU003,Warehouse B,Brand X,355.6687827000923,7
3097,Product C,Home,70,Supplier X,1.116143644885881,1.941759918904321,17,SKU002,Warehouse B,Brand Y,673.6164376417274,7
3098,Product B,Electronics,48,Supplier X,2.701979617395117,3.398564815789953,16,SKU003,Warehouse B,Brand X,646.0023072784916,30
3099,Product C,Home,15,Supplier X,26.63388632956249,4.423525237851761,57,SKU003,Warehouse C,Brand Z,931.7090831209073,7
3100,Product C,Electronics,84,Supplier Z,9.551773888003845,2.634903713105059,66,SKU001,Warehouse A,Brand Z,843.0022716650965,7
3101,Product C,Clothing,34,Supplier Z,31.62668844022198,4.728547269230114,71,SKU001,Warehouse C,Brand Z,650.9724545137357,7
3102,Product A,Home,60,Supplier Y,27.6092869585324,4.611914116518212,55,SKU002,Warehouse A,Brand Y,348.0920395772031,7
3103,Product C,Home,62,Supplier Z,29.28801791854456,1.832535589675238,39,SKU003,Warehouse C,Brand Z,781.7806843726569,30
3104,Product A,Home,2,Supplier X,15.12276899155053,2.035859331600815,86,SKU002,Warehouse A,Brand Z,579.4562101321729,30
3105,Product B,Clothing,80,Supplier Y,31.99217531389483,1.721767994583876,86,SKU002,Warehouse C,Brand Y,985.4172882198926,7
3106,Product C,Electronics,19,Supplier Z,41.47463182425115,1.784217405818809,1,SKU001,Warehouse B,Brand X,255.031067284106,30
3107,Product B,Clothing,98,Supplier Z,49.90356267961186,4.631448348693992,20,SKU003,Warehouse A,Brand X,88.85928252157808,30
3108,Product B,Clothing,49,Supplier X,41.92221930861071,4.724551636770492,51,SKU002,Warehouse C,Brand X,79.1928937690682,7
3109,Product C,Home,78,Supplier Y,27.87493798399737,1.207588964740524,23,SKU002,Warehouse B,Brand Y,643.6300844681635,7
3110,Product A,Electronics,88,Supplier Z,9.671479583997828,3.374413422688819,52,SKU001,Warehouse C,Brand Y,939.8676266224086,7
3111,Product C,Clothing,28,Supplier Z,34.07229380599104,3.256926251430286,37,SKU001,Warehouse A,Brand Z,11.91259514859014,30
3112,Product B,Home,48,Supplier Y,46.88268927789891,2.562190586897839,19,SKU001,Warehouse C,Brand Z,728.5133364881996,30
3113,Product B,Clothing,96,Supplier Y,10.59332698661512,3.526790371292428,49,SKU002,Warehouse C,Brand Y,660.494530707616,15
3114,Product C,Clothing,37,Supplier Z,12.79978102632885,4.789471302043401,38,SKU003,Warehouse B,Brand Y,734.9811502972711,15
3115,Product A,Home,74,Supplier Z,7.450427170582557,1.681019530888585,59,SKU001,Warehouse B,Brand Z,361.8513526947122,7
3116,Product A,Home,49,Supplier X,36.83608218132009,1.481643638865823,90,SKU001,Warehouse B,Brand Z,822.2914802112765,15
3117,Product B,Electronics,48,Supplier Y,20.32807517118296,1.133562283315903,38,SKU003,Warehouse A,Brand Z,54.25986210467333,30
3118,Product B,Clothing,73,Supplier Z,3.134781944319204,2.455333231360574,70,SKU002,Warehouse B,Brand X,757.8767896158073,15
3119,Product A,Home,88,Supplier Z,43.74749957451401,2.350513908311464,32,SKU002,Warehouse A,Brand X,274.4012219355969,15
3120,Product C,Home,29,Supplier Z,27.88359523512833,2.723278752634576,28,SKU003,Warehouse B,Brand Z,482.0693971094908,7
3121,Product B,Electronics,60,Supplier Z,16.55471460001779,3.013240123523796,73,SKU001,Warehouse B,Brand Y,824.4099088416483,30
3122,Product A,Electronics,29,Supplier X,17.19914880305485,4.031295976121818,9,SKU003,Warehouse B,Brand X,278.6454448392257,30
3123,Product B,Home,58,Supplier Y,14.51256100954534,2.568453561830073,75,SKU002,Warehouse B,Brand Z,193.3554365274545,30
3124,Product C,Electronics,48,Supplier Z,22.77400861963209,2.322452437444934,66,SKU002,Warehouse A,Brand X,684.5000534944054,30
3125,Product A,Home,23,Supplier Y,16.85208442440725,4.307515281038508,2,SKU001,Warehouse A,Brand Y,538.0609425917365,15
3126,Product B,Clothing,27,Supplier Y,27.39731520353047,4.399186682614626,76,SKU001,Warehouse A,Brand Y,519.2598300587226,7
3127,Product C,Electronics,95,Supplier Z,38.67586261356471,1.931063857173413,30,SKU003,Warehouse B,Brand Y,264.201820382534,15
3128,Product B,Clothing,7,Supplier Z,33.72306417221868,2.258687290845233,26,SKU002,Warehouse B,Brand Z,44.53150276182738,30
3129,Product C,Clothing,49,Supplier Z,14.72284463770586,4.300465483640354,69,SKU002,Warehouse B,Brand Z,416.1664469483997,7
3130,Product C,Clothing,54,Supplier X,26.43705057698896,1.317632977191059,26,SKU003,Warehouse A,Brand X,115.4938856630903,7
3131,Product A,Home,68,Supplier Z,42.00630799561254,2.303387121562952,98,SKU001,Warehouse C,Brand Z,906.9292591427102,30
3132,Product C,Clothing,78,Supplier Y,3.410311737136273,2.793400428163445,8,SKU002,Warehouse C,Brand Z,50.83782023701322,30
3133,Product B,Clothing,42,Supplier Y,3.914863349345238,1.748286460802284,5,SKU002,Warehouse C,Brand Z,437.3343456425376,7
3134,Product C,Clothing,74,Supplier X,27.80850340248767,1.719656786442793,5,SKU001,Warehouse A,Brand X,61.7231278638196,30
3135,Product C,Home,59,Supplier Z,31.95575641949016,2.699448232054115,25,SKU002,Warehouse C,Brand Z,104.5884358191187,30
3136,Product A,Clothing,44,Supplier Z,10.57065078879521,4.018086898939423,42,SKU001,Warehouse A,Brand Y,662.2780002528018,30
3137,Product C,Clothing,98,Supplier X,37.2610063345759,4.360931918190509,18,SKU003,Warehouse A,Brand Z,650.6401483643536,30
3138,Product C,Electronics,26,Supplier X,32.31316885203637,4.916940370144694,15,SKU001,Warehouse B,Brand Z,42.72167293064538,7
3139,Product B,Home,23,Supplier Z,46.16446341181432,1.295936200366876,22,SKU001,Warehouse B,Brand Y,11.12016036966149,7
3140,Product A,Clothing,73,Supplier Z,8.447710092926835,1.866728804583971,74,SKU003,Warehouse A,Brand X,88.02989647035616,15
3141,Product A,Electronics,8,Supplier Y,37.56871326790053,4.026519369536791,79,SKU002,Warehouse C,Brand Z,765.3689087348228,15
3142,Product A,Home,53,Supplier Z,4.182154529163351,3.162394824222647,28,SKU002,Warehouse A,Brand Z,588.7307080239921,7
3143,Product C,Home,14,Supplier Z,28.26462047589488,2.310719095849673,37,SKU001,Warehouse A,Brand Z,47.73706273660669,15
3144,Product A,Home,71,Supplier Y,27.59475697495729,1.822358644988974,58,SKU001,Warehouse C,Brand Z,493.216045714099,30
3145,Product C,Home,7,Supplier Y,19.41925223233703,2.121910206569792,47,SKU003,Warehouse B,Brand Y,714.9090634839068,30
3146,Product C,Home,9,Supplier Y,42.22855738342836,2.717155801203808,19,SKU003,Warehouse A,Brand Z,870.2618806547982,7
3147,Product B,Home,3,Supplier Y,0.2185322393006117,1.708604878024131,20,SKU002,Warehouse B,Brand X,934.6961257524204,15
3148,Product B,Clothing,78,Supplier X,26.00897009492604,4.856903823507002,27,SKU002,Warehouse B,Brand Y,334.166157324526,30
3149,Product B,Clothing,17,Supplier Y,10.85767749175937,1.430353778399498,49,SKU003,Warehouse B,Brand Y,144.4741041291331,15
3150,Product B,Clothing,44,Supplier X,37.17493095582164,4.942309737956876,32,SKU001,Warehouse A,Brand X,244.556661524133,7
3151,Product B,Clothing,86,Supplier Y,2.153371315304859,4.367573144002691,39,SKU003,Warehouse C,Brand Z,778.4097771198215,7
3152,Product C,Electronics,46,Supplier Y,41.57773440907888,2.692606470054956,89,SKU002,Warehouse C,Brand Z,971.7693728918875,15
3153,Product C,Clothing,90,Supplier Y,41.90461133534757,3.959265337552841,53,SKU001,Warehouse B,Brand Z,471.7296811867768,7
3154,Product A,Home,58,Supplier Z,41.64330062017515,3.686060974785544,9,SKU003,Warehouse B,Brand X,312.2996814123119,30
3155,Product C,Clothing,28,Supplier X,7.628426336633493,1.853147671795724,33,SKU002,Warehouse C,Brand Y,434.8986761404341,30
3156,Product C,Clothing,14,Supplier Y,31.52032592805224,2.356280344475786,72,SKU001,Warehouse B,Brand Z,311.7650131986811,15
3157,Product B,Home,9,Supplier Z,0.7183679591694803,3.052490251221831,35,SKU001,Warehouse C,Brand X,263.9226479750828,15
3158,Product C,Clothing,26,Supplier X,42.39812956445999,3.551376719550908,74,SKU001,Warehouse C,Brand X,597.8132448831078,7
3159,Product B,Clothing,2,Supplier X,36.14875967543102,3.171579925426486,73,SKU001,Warehouse A,Brand Z,25.57862056980895,7
3160,Product A,Clothing,75,Supplier Z,26.55768654496263,2.891949844025895,6,SKU001,Warehouse B,Brand X,266.9567261783383,15
3161,Product A,Electronics,81,Supplier X,36.52957165483085,2.772609093819601,15,SKU003,Warehouse B,Brand Z,664.7682570665391,7
3162,Product C,Clothing,34,Supplier Z,4.716204832588611,2.993057997180072,50,SKU001,Warehouse A,Brand Z,41.74206934373697,15
3163,Product A,Home,19,Supplier Y,26.43279160884282,2.737406079383881,89,SKU003,Warehouse C,Brand Z,92.36979834384564,15
3164,Product C,Home,39,Supplier Z,14.56382459082227,3.165320310182864,95,SKU001,Warehouse B,Brand Y,300.4621833379269,30
3165,Product A,Clothing,82,Supplier X,48.63097316114865,4.551941196186667,60,SKU002,Warehouse A,Brand X,879.0267506228951,7
3166,Product B,Clothing,13,Supplier X,42.85589753119508,3.531317252218447,30,SKU001,Warehouse C,Brand Y,767.2372985636432,15
3167,Product B,Clothing,5,Supplier Y,36.66378479169884,3.89048349995416,31,SKU003,Warehouse A,Brand Z,31.93506312208109,30
3168,Product B,Home,50,Supplier Z,46.68738176248659,3.389932534923106,44,SKU002,Warehouse A,Brand X,506.6956885216069,15
3169,Product B,Home,23,Supplier Y,17.34216522827369,3.572070729656009,75,SKU002,Warehouse A,Brand Z,281.9406190475426,7
3170,Product C,Electronics,88,Supplier Z,45.04399494940906,3.313399313792721,26,SKU003,Warehouse A,Brand X,652.1592024714423,30
3171,Product A,Electronics,29,Supplier Z,16.26191160533552,1.107466088783293,21,SKU002,Warehouse C,Brand Z,724.3383437675266,7
3172,Product C,Electronics,72,Supplier Z,36.63983598455765,4.998393528800079,14,SKU003,Warehouse A,Brand X,864.2339513579897,30
3173,Product B,Home,26,Supplier Y,36.82084558882245,1.134436960851587,7,SKU001,Warehouse C,Brand Z,480.6620747329741,7
3174,Product C,Electronics,79,Supplier Y,0.9174938227046736,2.580592032934615,67,SKU001,Warehouse A,Brand Z,994.5055876601286,15
3175,Product A,Clothing,57,Supplier X,18.05298491390976,1.420462713195734,7,SKU003,Warehouse A,Brand Y,980.1862462142383,15
3176,Product C,Clothing,1,Supplier Y,0.9716336204248943,1.38771380176373,86,SKU001,Warehouse B,Brand Y,883.3450572263229,15
3177,Product A,Home,28,Supplier Z,49.85460088051243,4.174107806697934,15,SKU002,Warehouse B,Brand X,579.1208002064901,7
3178,Product C,Electronics,62,Supplier Z,6.1098380914619,2.703703117432308,47,SKU001,Warehouse B,Brand X,404.0263731287769,30
3179,Product A,Clothing,47,Supplier Z,27.14054478240547,4.20455483319506,33,SKU001,Warehouse B,Brand Y,370.7424470383871,7
3180,Product A,Home,78,Supplier Y,39.52781193813186,2.091145882723326,85,SKU002,Warehouse A,Brand Z,22.00350258686738,15
3181,Product B,Electronics,98,Supplier X,10.06318011304462,2.025851167224939,86,SKU002,Warehouse A,Brand Z,256.6827522699429,7
3182,Product A,Clothing,59,Supplier Y,24.25263340477363,2.004925527257849,56,SKU001,Warehouse C,Brand X,721.6201525996729,30
3183,Product B,Electronics,31,Supplier X,30.37143804605754,3.464582505631677,4,SKU001,Warehouse A,Brand X,607.5957788941358,15
3184,Product B,Home,70,Supplier Y,8.010237719777269,4.2599975593824,43,SKU001,Warehouse C,Brand Z,917.2579672758583,7
3185,Product B,Electronics,49,Supplier Z,38.92777299557692,2.809044040300962,70,SKU003,Warehouse A,Brand Y,59.52204424739229,15
3186,Product C,Home,5,Supplier X,14.96682285946827,2.516995562564329,36,SKU003,Warehouse A,Brand X,163.7238371455573,7
3187,Product C,Electronics,31,Supplier Y,10.55115381694202,4.894318216806598,89,SKU001,Warehouse C,Brand Z,791.3513514586089,7
3188,Product C,Clothing,37,Supplier Z,27.91443732187084,1.467016144046555,27,SKU001,Warehouse B,Brand X,364.9225548833805,15
3189,Product C,Home,79,Supplier X,20.51568138214689,2.94653072817957,67,SKU002,Warehouse A,Brand Y,127.1618803806991,30
3190,Product A,Home,15,Supplier X,46.01429723182089,2.633951012725738,95,SKU001,Warehouse B,Brand X,996.4860000490883,15
3191,Product A,Home,52,Supplier Z,44.0031349099077,1.392506386347562,37,SKU001,Warehouse C,Brand Z,789.3777996426693,30
3192,Product C,Electronics,69,Supplier Z,24.16753316944416,2.072801448352877,45,SKU003,Warehouse A,Brand Y,414.6536263905413,15
3193,Product A,Electronics,92,Supplier Y,17.96318873627988,1.113764850316448,72,SKU003,Warehouse C,Brand Z,825.1140021766789,15
3194,Product A,Clothing,97,Supplier Y,16.27589908156326,4.507817155931829,99,SKU003,Warehouse A,Brand Y,683.7978314179618,15
3195,Product B,Home,11,Supplier Z,13.37818115407537,3.431398115961604,25,SKU002,Warehouse C,Brand Z,792.075011974135,7
3196,Product B,Home,43,Supplier Y,27.22739268562386,4.260073991481002,74,SKU001,Warehouse C,Brand X,817.0543137899933,7
3197,Product B,Electronics,70,Supplier Z,40.24893023672718,3.086217809611959,83,SKU003,Warehouse B,Brand Y,93.88139645741472,30
3198,Product B,Electronics,23,Supplier Z,15.53783041017789,3.398039317687577,52,SKU002,Warehouse B,Brand Y,626.7431588112147,15
3199,Product A,Clothing,40,Supplier Y,9.504704484404074,3.80341791123666,62,SKU001,Warehouse B,Brand Y,16.71769744705932,7
3200,Product C,Clothing,63,Supplier Y,23.77419030916434,4.63204650985686,62,SKU001,Warehouse A,Brand X,53.02168383815891,7
3201,Product A,Electronics,2,Supplier X,3.451720839883326,1.367007551303383,37,SKU002,Warehouse C,Brand Y,904.9402089652824,15
3202,Product A,Home,79,Supplier X,35.06395030648534,2.323793578942908,14,SKU001,Warehouse B,Brand X,532.2880841432375,15
3203,Product A,Clothing,87,Supplier Y,25.91791331509668,3.836104762800002,98,SKU002,Warehouse A,Brand X,738.5429660098396,15
3204,Product B,Electronics,86,Supplier Y,24.81874039864271,4.833402252005571,8,SKU002,Warehouse B,Brand Y,840.1159805387146,30
3205,Product B,Electronics,73,Supplier Y,15.02226897750112,4.923229713960022,96,SKU003,Warehouse A,Brand Z,950.0908998889392,15
3206,Product B,Home,47,Supplier X,45.23367187658683,3.552412036549049,74,SKU002,Warehouse C,Brand Y,870.6593194435679,7
3207,Product C,Electronics,30,Supplier Y,4.524314592477635,1.774393911019469,21,SKU003,Warehouse C,Brand Z,488.478334210321,7
3208,Product A,Electronics,16,Supplier X,43.49120044435157,1.476835645655827,69,SKU001,Warehouse C,Brand Z,342.6106043067064,15
3209,Product C,Clothing,59,Supplier X,18.83526012079613,4.784174577121702,55,SKU003,Warehouse A,Brand Y,162.9483038439778,30
3210,Product B,Electronics,47,Supplier X,44.03117579875111,2.73571075785003,36,SKU002,Warehouse C,Brand Y,406.3182676624072,30
3211,Product C,Electronics,30,Supplier X,36.43807291661918,1.779264133050739,56,SKU003,Warehouse A,Brand Z,372.8286433695518,7
3212,Product A,Clothing,9,Supplier Z,5.208536333101915,4.735570063110405,59,SKU001,Warehouse A,Brand Y,563.9790935363146,30
3213,Product A,Home,65,Supplier Y,41.57681432546768,1.418097086257248,84,SKU003,Warehouse A,Brand Y,668.8543146696413,15
3214,Product B,Home,59,Supplier Y,34.10884168497525,3.9182843874283,11,SKU001,Warehouse C,Brand X,978.542221680597,30
3215,Product B,Clothing,64,Supplier Z,1.615095645767423,3.501052110173337,6,SKU002,Warehouse C,Brand Z,731.1023242397251,30
3216,Product C,Clothing,8,Supplier Y,6.685134105483498,1.350938657523567,65,SKU003,Warehouse C,Brand X,647.3110471184941,7
3217,Product B,Home,52,Supplier X,31.78140279178476,2.354995182557769,40,SKU001,Warehouse A,Brand Y,341.7415099256592,7
3218,Product B,Home,18,Supplier Z,33.13002514401425,1.599722758160043,23,SKU001,Warehouse C,Brand Y,44.15883773334272,7
3219,Product A,Home,91,Supplier X,37.33257164187975,3.417994370132645,89,SKU003,Warehouse A,Brand X,295.2438775661449,30
3220,Product B,Home,82,Supplier Z,36.01227003874909,2.908452126709715,24,SKU003,Warehouse C,Brand X,770.7634214550216,7
3221,Product B,Home,96,Supplier X,32.97599773349775,1.017100498641964,61,SKU003,Warehouse A,Brand Y,213.2192213957637,7
3222,Product A,Clothing,58,Supplier Y,38.31194508732113,4.902842265135632,83,SKU003,Warehouse B,Brand Z,715.0663117373733,30
3223,Product A,Electronics,49,Supplier Y,28.75428529461864,2.398338599558162,43,SKU003,Warehouse C,Brand X,583.9820441437216,30
3224,Product C,Home,32,Supplier Y,13.03956927622275,2.0328175713482,1,SKU001,Warehouse C,Brand Z,180.1383010529602,30
3225,Product B,Home,48,Supplier Z,45.61883068653591,1.889771823176411,41,SKU002,Warehouse A,Brand Y,269.0085582289116,15
3226,Product A,Electronics,45,Supplier Y,0.9107015465988966,1.635263584694271,98,SKU001,Warehouse A,Brand Z,501.3405674516117,15
3227,Product C,Electronics,54,Supplier Z,18.32808599357451,4.996548304866039,32,SKU003,Warehouse A,Brand Z,424.190958056769,30
3228,Product C,Electronics,85,Supplier X,36.44351465485817,2.180437871526419,16,SKU003,Warehouse B,Brand Y,780.7782090712919,7
3229,Product B,Electronics,46,Supplier Y,21.35780205748372,2.622053988897127,62,SKU002,Warehouse C,Brand Y,737.0605961178145,30
3230,Product B,Electronics,96,Supplier X,1.241720374000715,4.485423664712355,21,SKU003,Warehouse A,Brand Y,578.828758438287,15
3231,Product C,Electronics,31,Supplier Y,3.299045155810659,3.567550014171513,0,SKU002,Warehouse B,Brand Z,824.051964358196,7
3232,Product A,Clothing,37,Supplier X,32.43186845691443,2.47477764698109,93,SKU003,Warehouse B,Brand X,567.0428452774655,15
3233,Product C,Electronics,16,Supplier Z,48.24322997026498,4.593313743695412,69,SKU001,Warehouse A,Brand Y,964.7453640906875,15
3234,Product B,Electronics,46,Supplier Y,27.59318179172495,3.998896808854401,53,SKU002,Warehouse C,Brand Y,225.0518581595706,15
3235,Product A,Clothing,46,Supplier Z,25.33789090118845,1.911602030166799,13,SKU001,Warehouse A,Brand X,716.9906736661312,15
3236,Product A,Electronics,78,Supplier Z,15.91626065281336,3.574955978399682,99,SKU003,Warehouse A,Brand Y,376.2446907339233,7
3237,Product C,Home,88,Supplier X,12.83453369330316,4.689593993169606,96,SKU001,Warehouse A,Brand Y,286.176532475992,30
3238,Product B,Home,89,Supplier Y,1.049249087814236,2.98584351380165,52,SKU001,Warehouse B,Brand X,188.5836012080358,7
3239,Product C,Electronics,61,Supplier Z,13.64774338202356,3.934449611326669,5,SKU001,Warehouse B,Brand Z,556.9784414989284,30
3240,Product C,Clothing,46,Supplier X,22.45552204326262,4.884414975956637,89,SKU002,Warehouse C,Brand Z,223.3147384217191,30
3241,Product C,Home,51,Supplier X,9.897489152447509,3.761656563580852,63,SKU002,Warehouse B,Brand Z,208.3473429339219,7
3242,Product A,Clothing,62,Supplier X,4.367399424071461,1.409754759064322,87,SKU002,Warehouse A,Brand Y,990.6265860329797,30
3243,Product A,Home,35,Supplier Y,35.88639336273013,1.978238203725157,32,SKU001,Warehouse B,Brand X,803.7299426773031,7
3244,Product B,Electronics,81,Supplier Y,44.73101345340336,3.380385749370596,71,SKU001,Warehouse C,Brand Z,750.7940520518316,7
3245,Product B,Clothing,42,Supplier X,46.83860348435428,2.102223261487624,43,SKU003,Warehouse A,Brand X,796.1200196239274,30
3246,Product C,Clothing,45,Supplier Y,30.89993642484947,4.83016682155656,33,SKU002,Warehouse A,Brand Z,969.2336449815551,30
3247,Product C,Clothing,68,Supplier X,2.63872912996409,2.621408136088695,33,SKU003,Warehouse B,Brand Z,577.5439218656715,15
3248,Product C,Home,75,Supplier Y,37.04313149808867,2.82892162292946,23,SKU001,Warehouse B,Brand Y,228.0414386288319,30
3249,Product B,Home,47,Supplier Y,5.504765263094319,3.806408373880469,1,SKU002,Warehouse C,Brand Z,863.5875443457066,30
3250,Product A,Home,79,Supplier X,33.48740588439119,3.096998925367497,7,SKU003,Warehouse A,Brand Z,745.3034221595492,30
3251,Product A,Electronics,30,Supplier X,38.96829178739379,2.528583867555073,24,SKU001,Warehouse C,Brand X,420.1652292108313,7
3252,Product C,Home,24,Supplier Y,36.29323554132364,1.306551500618315,93,SKU001,Warehouse B,Brand Y,478.8338035888999,15
3253,Product C,Electronics,66,Supplier X,47.59419028805653,3.385782358031455,31,SKU001,Warehouse A,Brand Y,417.1398744940804,15
3254,Product C,Clothing,43,Supplier X,36.90731422336949,4.470320123176139,55,SKU002,Warehouse B,Brand Z,930.642738626714,7
3255,Product C,Clothing,34,Supplier X,34.66048889909042,3.743049767040225,93,SKU002,Warehouse A,Brand Y,350.0962953833112,30
3256,Product B,Electronics,23,Supplier X,13.08715860915512,2.525980040187809,6,SKU003,Warehouse C,Brand X,963.8494358696107,30
3257,Product A,Home,61,Supplier Y,46.23843432179508,1.510904258492518,47,SKU001,Warehouse A,Brand Y,911.1690535414103,7
3258,Product C,Electronics,95,Supplier Z,8.977193539708345,4.265352747616975,87,SKU002,Warehouse B,Brand Z,634.2159308256917,15
3259,Product B,Clothing,37,Supplier Y,45.24483057365632,4.766993448924818,53,SKU002,Warehouse A,Brand Y,584.023555369074,7
3260,Product C,Clothing,13,Supplier X,15.63312716729552,2.553091963185059,62,SKU001,Warehouse C,Brand Y,376.3883872692712,7
3261,Product C,Electronics,97,Supplier X,6.508179693883437,3.914568756736246,72,SKU001,Warehouse B,Brand Z,28.15500512054338,30
3262,Product A,Home,71,Supplier Y,41.33415136355853,2.643053759563023,79,SKU003,Warehouse C,Brand Y,136.3469543753757,7
3263,Product C,Home,96,Supplier X,0.1247726800414573,3.009067755408798,1,SKU003,Warehouse A,Brand Y,756.6890101160532,7
3264,Product A,Electronics,7,Supplier Y,41.60441588404154,4.345905522465639,34,SKU003,Warehouse A,Brand Z,476.8247253222836,7
3265,Product A,Electronics,42,Supplier Z,13.11559210229879,1.333697368844614,97,SKU002,Warehouse A,Brand Z,158.3397528460884,30
3266,Product A,Home,38,Supplier X,44.23606363778106,3.12134139514682,21,SKU002,Warehouse A,Brand X,271.3212455905523,30
3267,Product B,Clothing,52,Supplier Z,34.57395911207895,1.85848109868489,82,SKU002,Warehouse B,Brand Z,948.3585308485297,15
3268,Product B,Electronics,44,Supplier Z,33.3091666425295,2.359223781983049,63,SKU002,Warehouse A,Brand Z,373.4615069571624,15
3269,Product A,Home,64,Supplier X,18.26597815824217,3.577715298569097,58,SKU002,Warehouse B,Brand Y,908.6051257669619,15
3270,Product C,Home,13,Supplier X,2.970148694538549,1.108913649347393,48,SKU001,Warehouse B,Brand Z,311.5894739706409,30
3271,Product A,Clothing,88,Supplier Y,41.50365491027886,3.375300395892651,51,SKU003,Warehouse B,Brand Y,547.7878934234893,15
3272,Product C,Clothing,28,Supplier Y,8.5451897588264,2.133768957814999,20,SKU003,Warehouse A,Brand Z,30.27231252857591,7
3273,Product A,Clothing,96,Supplier X,18.61293209473761,3.677937443232289,11,SKU003,Warehouse A,Brand X,526.6563592698411,15
3274,Product C,Clothing,82,Supplier Y,30.01773427545409,1.566325407652217,10,SKU003,Warehouse C,Brand X,640.572590504524,7
3275,Product B,Clothing,98,Supplier Z,24.11268692803108,3.943246415264714,53,SKU001,Warehouse A,Brand Y,241.9620483438061,15
3276,Product C,Electronics,98,Supplier Z,9.933031758565903,3.582558879051913,82,SKU002,Warehouse A,Brand Y,583.1478044433035,30
3277,Product A,Home,1,Supplier X,7.030817844114195,4.884967331521405,69,SKU002,Warehouse A,Brand Y,650.6960943304757,7
3278,Product B,Electronics,43,Supplier Y,6.162313612514531,4.644941453032592,13,SKU002,Warehouse B,Brand X,690.017217597939,7
3279,Product C,Electronics,42,Supplier X,43.15039407496005,2.133211452798809,32,SKU003,Warehouse C,Brand X,778.6392888018821,30
3280,Product C,Electronics,95,Supplier Z,1.577977453066681,1.109266290901748,76,SKU003,Warehouse A,Brand Z,318.2258505001224,7
3281,Product C,Electronics,50,Supplier X,48.85071297999472,3.621474244447031,25,SKU001,Warehouse C,Brand Z,572.0991868675594,15
3282,Product C,Electronics,60,Supplier X,9.926434519270705,3.41154955601869,13,SKU001,Warehouse B,Brand Y,981.7632394669484,30
3283,Product C,Clothing,1,Supplier X,5.516114843953907,1.109715075065784,87,SKU002,Warehouse C,Brand X,899.1627289585056,7
3284,Product B,Clothing,51,Supplier X,28.84858273883976,1.490710116810371,47,SKU002,Warehouse C,Brand Z,953.1387738173828,30
3285,Product B,Home,16,Supplier Z,3.999297897034832,3.338806818143942,64,SKU002,Warehouse C,Brand X,392.2750345432857,7
3286,Product B,Electronics,39,Supplier X,30.12266315817975,4.647309056173968,45,SKU002,Warehouse C,Brand X,789.0588248376952,7
3287,Product B,Home,15,Supplier X,42.53133224068065,4.626001106053628,54,SKU002,Warehouse C,Brand Y,623.6989722427443,30
3288,Product A,Clothing,33,Supplier Y,2.394901073371241,1.605940218448299,93,SKU002,Warehouse B,Brand X,91.90773223161868,7
3289,Product B,Clothing,87,Supplier X,39.99343022642721,2.538295785620998,73,SKU003,Warehouse A,Brand Y,825.7405852654947,15
3290,Product C,Clothing,53,Supplier Y,19.72387204910594,1.172811457408696,73,SKU001,Warehouse C,Brand Z,680.330263593791,15
3291,Product C,Electronics,98,Supplier X,7.974531691560499,2.877087385451716,91,SKU001,Warehouse B,Brand X,206.9281859201141,7
3292,Product B,Electronics,17,Supplier Y,8.804824013372953,4.012333838692823,67,SKU003,Warehouse B,Brand Y,88.94117185516673,7
3293,Product C,Clothing,89,Supplier X,45.93822718471131,4.159890845462446,77,SKU002,Warehouse A,Brand X,838.6519093418474,15
3294,Product B,Home,6,Supplier Y,5.530287597033223,2.995957866386292,11,SKU002,Warehouse B,Brand X,88.11281119628904,7
3295,Product C,Home,31,Supplier X,43.33913935578286,1.383478698832874,53,SKU002,Warehouse A,Brand Z,100.4403267127723,7
3296,Product A,Clothing,69,Supplier X,27.21223104918073,2.525455900726266,63,SKU001,Warehouse C,Brand Y,433.1342050252721,30
3297,Product A,Home,40,Supplier Y,1.952808940821954,4.728407839897457,46,SKU001,Warehouse B,Brand X,143.4498501352823,30
3298,Product B,Clothing,30,Supplier X,23.22380728586691,1.918450226078859,36,SKU002,Warehouse B,Brand X,914.5329014682922,15
3299,Product B,Home,69,Supplier X,40.87247572381504,2.279017799650906,73,SKU002,Warehouse B,Brand Z,475.5810969006043,15
3300,Product B,Clothing,76,Supplier X,36.31013938195502,3.987308701852283,40,SKU003,Warehouse C,Brand X,573.4594708480257,30
3301,Product C,Home,7,Supplier X,24.43912088423589,3.934323155543753,26,SKU002,Warehouse A,Brand Y,928.8250285833066,30
3302,Product B,Electronics,13,Supplier Z,43.00249398481085,4.64880915209973,41,SKU003,Warehouse A,Brand Y,534.9605933819652,15
3303,Product A,Clothing,4,Supplier X,6.018238089011485,2.552474762881502,75,SKU002,Warehouse B,Brand Y,360.0552344977453,15
3304,Product C,Clothing,50,Supplier Z,45.49705266961844,3.058394895497165,85,SKU002,Warehouse B,Brand X,799.1835547576735,15
3305,Product B,Home,3,Supplier Z,42.32206042416744,2.86956984488191,67,SKU002,Warehouse C,Brand X,448.4216955004586,30
3306,Product C,Clothing,12,Supplier X,35.4138412828618,4.711008684089812,28,SKU003,Warehouse C,Brand Y,325.2847313462823,30
3307,Product C,Clothing,65,Supplier Y,40.89438710643746,4.07732235529854,35,SKU003,Warehouse A,Brand X,725.9971640194792,7
3308,Product B,Clothing,27,Supplier Y,27.1907753421333,4.325767119335393,56,SKU003,Warehouse B,Brand Z,803.5896198469126,15
3309,Product C,Electronics,50,Supplier X,33.75812145488334,1.532393075317644,77,SKU001,Warehouse B,Brand Y,793.7990059084287,7
3310,Product A,Electronics,77,Supplier Z,28.02990353538895,4.167386771472639,11,SKU001,Warehouse B,Brand Z,977.8976699874205,15
3311,Product A,Home,17,Supplier Y,17.77142652539747,2.731915064229988,44,SKU002,Warehouse B,Brand Z,788.8002793862131,30
3312,Product C,Electronics,72,Supplier X,28.44303986805888,1.093354731322588,19,SKU003,Warehouse C,Brand X,772.2341015891993,15
3313,Product B,Home,32,Supplier X,12.87326662659629,1.240353410973138,44,SKU003,Warehouse C,Brand X,858.910401198858,15
3314,Product C,Electronics,84,Supplier Z,22.01395854203926,3.711631758939378,22,SKU002,Warehouse A,Brand Y,10.18334334248838,30
3315,Product A,Home,51,Supplier Y,14.03877036301216,2.488049764583879,61,SKU002,Warehouse B,Brand X,368.807097075893,30
3316,Product C,Electronics,17,Supplier X,6.144389473069451,4.472462292893922,85,SKU002,Warehouse C,Brand Z,740.2270650740778,15
3317,Product C,Electronics,34,Supplier Y,16.09309281949531,3.937092535503466,33,SKU002,Warehouse B,Brand X,603.7218209991746,15
3318,Product A,Home,35,Supplier X,42.59936090923853,1.086720046667847,20,SKU003,Warehouse A,Brand Y,185.7962826053015,15
3319,Product C,Clothing,99,Supplier X,19.05403853211529,3.747553247344008,50,SKU001,Warehouse B,Brand X,310.6957581976599,15
3320,Product C,Clothing,24,Supplier X,37.40018244844345,1.769409890929425,8,SKU003,Warehouse C,Brand Z,343.4246849712857,15
3321,Product B,Electronics,54,Supplier Z,8.759892711908062,2.690330274815648,73,SKU001,Warehouse C,Brand Z,572.1498300605929,30
3322,Product B,Home,18,Supplier Z,21.22095795838208,3.498940808491851,9,SKU002,Warehouse A,Brand Y,833.2823134766656,15
3323,Product A,Clothing,50,Supplier Z,5.742803466758827,4.490871365182771,51,SKU001,Warehouse A,Brand Y,933.166861979903,30
3324,Product A,Home,46,Supplier Y,6.931053168374484,2.824391553567757,44,SKU003,Warehouse B,Brand X,752.5914887251026,7
3325,Product A,Clothing,48,Supplier Z,30.87181899450346,4.233961816764538,51,SKU003,Warehouse B,Brand X,844.5208862750418,7
3326,Product B,Home,33,Supplier Z,30.37409087245056,4.131862651202532,29,SKU003,Warehouse C,Brand Y,475.3949988670009,15
3327,Product A,Electronics,87,Supplier Y,10.66859536774311,2.658154051405033,63,SKU003,Warehouse C,Brand Z,395.8775664260645,7
3328,Product A,Home,89,Supplier Y,23.72115971443993,3.003920653731611,96,SKU003,Warehouse C,Brand X,398.7814468227748,30
3329,Product A,Clothing,27,Supplier Y,43.1653083488974,3.801940040199252,1,SKU003,Warehouse A,Brand Y,619.8781430565575,7
3330,Product B,Electronics,1,Supplier Y,8.710075433824144,1.124593738587759,48,SKU002,Warehouse A,Brand Y,132.9943385002509,7
3331,Product C,Home,85,Supplier Z,0.9605266536757417,4.563245655196984,95,SKU001,Warehouse A,Brand Z,583.6992409623587,30
3332,Product A,Clothing,59,Supplier Z,32.59975703317862,4.079264637750773,44,SKU002,Warehouse B,Brand Y,668.4815315818882,15
3333,Product C,Electronics,10,Supplier Y,2.67491040443425,1.997663525609322,16,SKU001,Warehouse A,Brand X,444.5196528041764,30
3334,Product A,Home,95,Supplier Z,48.9970119286223,4.924719812755902,27,SKU001,Warehouse B,Brand X,953.6355050034557,30
3335,Product C,Clothing,25,Supplier X,30.48101418994405,1.717561410358475,44,SKU001,Warehouse B,Brand Y,612.1311396557795,15
3336,Product B,Home,84,Supplier Z,23.51981764219861,4.656346694817607,16,SKU003,Warehouse B,Brand Y,227.7994775142589,30
3337,Product B,Home,57,Supplier X,21.49962700121534,2.297893833292445,58,SKU003,Warehouse A,Brand Z,484.4240948591811,15
3338,Product A,Electronics,66,Supplier Y,28.65353292584657,4.052586840656543,13,SKU003,Warehouse C,Brand Z,678.650392763941,30
3339,Product C,Electronics,15,Supplier Y,4.531221836010745,2.82550637299178,9,SKU001,Warehouse A,Brand Y,330.3928333346742,7
3340,Product B,Clothing,28,Supplier Z,46.50095294097479,3.945869549800009,97,SKU001,Warehouse A,Brand X,88.84519022613294,15
3341,Product A,Electronics,13,Supplier Y,31.28210342759389,1.623132191757465,77,SKU001,Warehouse A,Brand Z,587.6012783637761,15
3342,Product A,Clothing,14,Supplier Z,9.198924880545439,2.078025833545931,80,SKU002,Warehouse B,Brand Y,948.3914669334832,7
3343,Product B,Home,66,Supplier Z,28.12905268823314,1.399431297888102,85,SKU003,Warehouse C,Brand Z,490.221265707542,7
3344,Product B,Home,34,Supplier Z,6.662825291650582,4.460575925751213,17,SKU003,Warehouse A,Brand Z,907.0479898405675,15
3345,Product A,Clothing,99,Supplier Z,0.8776358779156057,2.185171951077997,34,SKU003,Warehouse A,Brand Z,836.673352487977,7
3346,Product C,Home,25,Supplier X,31.5258492606999,3.777904917666654,47,SKU002,Warehouse B,Brand Z,155.9386557976435,30
3347,Product C,Electronics,54,Supplier X,32.42416709350639,4.280884790966113,57,SKU002,Warehouse A,Brand Z,711.0882226172151,30
3348,Product C,Home,79,Supplier Y,29.18482914017078,4.605672945517384,17,SKU002,Warehouse A,Brand Z,441.1108698212586,30
3349,Product A,Electronics,12,Supplier X,9.174160218001154,1.425188461246871,51,SKU001,Warehouse B,Brand X,257.7438620103075,7
3350,Product B,Clothing,9,Supplier Y,30.17149292473835,4.57205973405045,29,SKU002,Warehouse A,Brand Z,690.068972110036,7
3351,Product A,Clothing,31,Supplier Y,2.82554704622599,1.789011110922878,36,SKU001,Warehouse C,Brand Y,745.2341114698571,7
3352,Product B,Home,78,Supplier Z,30.46191777859611,3.947608046363846,39,SKU001,Warehouse B,Brand Y,188.0973555474904,15
3353,Product C,Home,93,Supplier Z,27.70085095538094,3.915396077458445,5,SKU003,Warehouse C,Brand Z,915.3002352356464,30
3354,Product C,Electronics,53,Supplier Z,32.76274154195497,1.034012566963817,78,SKU003,Warehouse A,Brand Z,753.6357715119266,15
3355,Product B,Electronics,43,Supplier Z,44.77378028761969,1.882495633241017,34,SKU002,Warehouse B,Brand Y,934.041744150549,15
3356,Product B,Home,38,Supplier Z,42.51790526197683,2.967634058659469,25,SKU001,Warehouse B,Brand Z,323.9024865760541,15
3357,Product A,Home,42,Supplier Z,49.03270957812694,2.680138826653129,90,SKU001,Warehouse A,Brand Y,939.941665585557,30
3358,Product C,Clothing,72,Supplier X,48.81205164682875,4.674293919538439,29,SKU001,Warehouse C,Brand Y,374.8324812599971,30
3359,Product A,Clothing,48,Supplier Y,38.61598466868763,2.438963478010093,74,SKU003,Warehouse A,Brand X,63.43006381311782,30
3360,Product A,Clothing,67,Supplier Y,47.8209811088864,4.747934859343849,23,SKU003,Warehouse B,Brand X,765.3396948219331,7
3361,Product A,Home,66,Supplier Z,43.3641942944556,2.837717273570124,54,SKU003,Warehouse B,Brand Y,706.4730626474575,30
3362,Product C,Home,16,Supplier X,36.37912249474864,4.857411586560663,77,SKU003,Warehouse B,Brand Z,601.9318823406991,7
3363,Product A,Home,83,Supplier Z,3.76921273218776,3.949419240099445,86,SKU003,Warehouse A,Brand Y,494.9948069403322,7
3364,Product A,Clothing,94,Supplier X,2.452494413494388,4.317338366528624,8,SKU003,Warehouse A,Brand Y,41.84361761940508,7
3365,Product A,Home,16,Supplier X,41.87997837528851,1.419507553396004,61,SKU002,Warehouse A,Brand Z,628.3512790049527,30
3366,Product A,Electronics,31,Supplier Y,24.48279289358491,3.344565732969471,17,SKU002,Warehouse C,Brand X,422.6662690705657,30
3367,Product A,Home,58,Supplier Y,40.73033421874604,1.570801439317403,50,SKU002,Warehouse C,Brand Y,564.6073087135355,30
3368,Product A,Home,28,Supplier X,15.64591353276097,2.190484008203896,18,SKU002,Warehouse C,Brand X,435.0281285479599,30
3369,Product C,Home,4,Supplier Y,19.88249291615064,3.494261624669072,68,SKU001,Warehouse B,Brand Z,966.395571437547,15
3370,Product A,Home,10,Supplier X,35.00933605059659,3.904902818775563,81,SKU003,Warehouse C,Brand X,608.0678121393387,30
3371,Product B,Home,51,Supplier X,45.76633684660466,1.156735128045003,32,SKU003,Warehouse B,Brand Z,751.7439672964425,30
3372,Product A,Electronics,18,Supplier X,4.388073723944297,3.123774924289459,37,SKU002,Warehouse C,Brand Z,936.9834779963725,30
3373,Product A,Electronics,47,Supplier Y,43.07390723173031,3.261255945159546,12,SKU001,Warehouse C,Brand X,595.6833296875723,30
3374,Product C,Home,32,Supplier Z,39.65063624396826,1.315311988440805,48,SKU002,Warehouse B,Brand Y,21.94189264417675,30
3375,Product C,Clothing,30,Supplier Y,15.77696353649273,3.002752136803054,72,SKU003,Warehouse A,Brand Y,43.94876152743694,15
3376,Product B,Home,36,Supplier Z,17.76083070657798,3.855369120199306,89,SKU002,Warehouse C,Brand Z,705.3150497608432,15
3377,Product B,Home,9,Supplier Y,2.323073861095482,1.212909139502124,52,SKU001,Warehouse B,Brand X,286.2942847897706,7
3378,Product C,Home,36,Supplier Y,0.7870305558358992,4.041071105295848,0,SKU003,Warehouse A,Brand X,583.5859300744693,7
3379,Product C,Clothing,29,Supplier Z,23.85030631788646,3.305706019616547,11,SKU001,Warehouse A,Brand X,210.2544092797623,30
3380,Product A,Clothing,16,Supplier X,4.776982274865526,4.332908833087163,23,SKU002,Warehouse A,Brand X,277.546386311097,7
3381,Product C,Clothing,92,Supplier Z,9.70009072076065,1.87225029141628,0,SKU003,Warehouse B,Brand Z,509.5946453885945,15
3382,Product B,Electronics,21,Supplier X,42.33835997633318,4.333094736852473,67,SKU001,Warehouse C,Brand X,975.8137687225212,30
3383,Product A,Clothing,64,Supplier X,28.55141956252262,1.378243901069872,6,SKU001,Warehouse C,Brand X,620.1077843170997,7
3384,Product B,Electronics,66,Supplier Y,31.68162186330567,2.615318785778685,91,SKU001,Warehouse C,Brand Y,936.786623467893,7
3385,Product A,Electronics,59,Supplier Y,9.373966541596001,1.797939166098594,68,SKU003,Warehouse A,Brand Z,959.786055843078,15
3386,Product C,Clothing,99,Supplier Y,41.43309022272098,4.504083329163496,38,SKU003,Warehouse C,Brand X,216.0288964563024,30
3387,Product B,Clothing,28,Supplier Y,43.39898862198738,3.819679265207095,31,SKU002,Warehouse B,Brand X,318.081666444255,7
3388,Product A,Clothing,55,Supplier Y,26.16637968565217,1.101447108642913,48,SKU002,Warehouse C,Brand Z,772.2923584065171,15
3389,Product A,Electronics,31,Supplier Z,45.62788859393299,1.038093422455824,30,SKU003,Warehouse C,Brand Z,868.0963622684304,30
3390,Product C,Home,33,Supplier Z,42.24143124772908,2.164997017926679,78,SKU001,Warehouse C,Brand Y,524.0344767476324,15
3391,Product C,Clothing,87,Supplier Z,36.5662088337219,1.573132457122262,2,SKU003,Warehouse C,Brand Z,993.2938066077437,30
3392,Product C,Clothing,60,Supplier Z,36.70379578468143,3.521217910240783,46,SKU003,Warehouse B,Brand X,21.45647676771757,30
3393,Product B,Clothing,41,Supplier Y,5.269673697543165,3.655187735530239,14,SKU003,Warehouse C,Brand Y,306.5967290293635,30
3394,Product A,Electronics,81,Supplier Z,13.54180188478329,4.767803614645469,50,SKU003,Warehouse A,Brand X,626.9301362071341,15
3395,Product C,Electronics,46,Supplier Z,3.342360990883803,4.808159698183363,81,SKU002,Warehouse C,Brand Z,474.597011828108,30
3396,Product B,Home,49,Supplier X,0.4340604613154331,3.635586821645382,84,SKU002,Warehouse A,Brand Z,125.4369367645127,7
3397,Product B,Clothing,65,Supplier Y,7.915476569195507,1.022700451410835,73,SKU001,Warehouse A,Brand Z,374.1092146257579,30
3398,Product B,Electronics,42,Supplier Z,44.024359132347,2.435991666278457,20,SKU003,Warehouse A,Brand Y,35.19267186208866,30
3399,Product C,Home,23,Supplier Z,11.99370295180258,3.052566052989065,89,SKU003,Warehouse B,Brand X,646.3185856145266,15
3400,Product C,Clothing,27,Supplier Z,48.50769812958609,2.996719026033864,40,SKU002,Warehouse A,Brand X,893.8151175663917,30
3401,Product A,Electronics,89,Supplier Y,29.86454997806031,3.413362518008907,2,SKU002,Warehouse A,Brand Y,886.0253825456243,7
3402,Product A,Clothing,32,Supplier Z,11.86292438173452,4.842205931219041,0,SKU003,Warehouse C,Brand Z,702.549029027891,7
3403,Product C,Clothing,83,Supplier X,24.85654017421064,4.540770767820615,20,SKU002,Warehouse B,Brand X,471.1124935429482,30
3404,Product B,Electronics,88,Supplier Y,10.95474113500577,1.435632133801953,74,SKU003,Warehouse B,Brand Z,516.9113025045749,15
3405,Product B,Electronics,3,Supplier X,49.19867790911869,2.063921565573573,79,SKU001,Warehouse B,Brand Z,145.5496357557063,7
3406,Product B,Electronics,60,Supplier Y,42.36324919524819,4.332437669678545,98,SKU001,Warehouse A,Brand X,347.606922188011,15
3407,Product A,Clothing,76,Supplier Z,1.311939439116455,4.297227635276828,20,SKU001,Warehouse A,Brand Z,195.8507947432909,30
3408,Product B,Clothing,99,Supplier Y,47.38880157337356,2.101482896486684,74,SKU003,Warehouse A,Brand X,822.988201316455,15
3409,Product A,Home,79,Supplier Y,36.05325536514437,3.922352122744478,94,SKU002,Warehouse C,Brand X,915.6063623245801,30
3410,Product A,Clothing,17,Supplier Y,4.119062601063916,3.688149514871429,48,SKU001,Warehouse A,Brand Y,541.5540288059159,30
3411,Product B,Electronics,32,Supplier X,33.53188731632228,2.894095859879846,64,SKU003,Warehouse B,Brand X,730.4864001078147,15
3412,Product B,Clothing,7,Supplier Y,32.34633489828428,1.805819810716117,40,SKU001,Warehouse C,Brand Y,130.2501231980562,7
3413,Product C,Home,83,Supplier Z,10.93943729037917,4.554572723576345,95,SKU001,Warehouse C,Brand Z,612.449296844466,30
3414,Product C,Home,71,Supplier Y,37.92233500037878,3.711404737227339,66,SKU002,Warehouse B,Brand Y,705.7631111640675,30
3415,Product B,Electronics,69,Supplier Y,4.353235165648356,1.675971699513499,95,SKU003,Warehouse A,Brand Z,458.2404482162868,30
3416,Product A,Electronics,58,Supplier Z,24.47225906156239,3.819209379363443,41,SKU002,Warehouse C,Brand Y,250.8403536259916,7
3417,Product A,Home,40,Supplier Z,0.4961603581543961,3.96573487830792,68,SKU002,Warehouse B,Brand Z,878.6007753359775,7
3418,Product A,Home,85,Supplier X,48.43687444473732,4.547521140484163,56,SKU002,Warehouse A,Brand X,745.4796327541852,30
3419,Product A,Home,48,Supplier Z,37.57818158884547,1.89135702096774,42,SKU001,Warehouse C,Brand Y,900.858709030703,7
3420,Product A,Electronics,51,Supplier Z,7.942603807982801,4.955016421653626,11,SKU001,Warehouse C,Brand X,820.2186210228452,15
3421,Product C,Home,57,Supplier Z,17.08370199756415,1.613573690107685,77,SKU001,Warehouse C,Brand X,990.470685283074,15
3422,Product B,Home,71,Supplier Y,8.028118890408814,3.402755567438332,63,SKU003,Warehouse C,Brand Z,200.2510058823044,15
3423,Product C,Electronics,37,Supplier X,38.33087320646573,3.628706021093914,50,SKU002,Warehouse C,Brand Z,95.88029012593435,15
3424,Product A,Clothing,87,Supplier Z,2.944816271385759,2.675811581063442,72,SKU001,Warehouse A,Brand Z,343.6327634238859,30
3425,Product A,Clothing,75,Supplier Z,42.02033277818571,2.900150835081546,59,SKU002,Warehouse B,Brand Z,137.7141332730263,15
3426,Product A,Home,74,Supplier Z,47.10981694178649,4.563640386888549,70,SKU002,Warehouse C,Brand Y,527.8988117771621,7
3427,Product A,Clothing,85,Supplier Y,33.831397140315,3.581096918661848,79,SKU002,Warehouse B,Brand X,636.6986163536651,30
3428,Product B,Clothing,55,Supplier Y,10.64827250007171,2.988003832938745,27,SKU002,Warehouse B,Brand Z,582.5057290216696,7
3429,Product A,Clothing,41,Supplier X,18.00450479067754,1.513398249734099,70,SKU002,Warehouse B,Brand X,266.6477340363674,15
3430,Product B,Clothing,97,Supplier X,23.86199374044656,1.029350500892539,13,SKU001,Warehouse A,Brand Y,909.7357906591088,30
3431,Product A,Home,20,Supplier Y,30.23123861011269,1.499874472607334,31,SKU003,Warehouse B,Brand Z,30.96064009802467,30
3432,Product B,Clothing,33,Supplier Z,33.43315449058437,4.824738269906021,7,SKU003,Warehouse B,Brand Y,354.533220225858,30
3433,Product C,Clothing,40,Supplier Z,27.71073576594414,4.056347131965323,26,SKU003,Warehouse B,Brand Y,721.8025506440804,15
3434,Product A,Electronics,99,Supplier X,17.56569604109279,4.868465310040991,49,SKU003,Warehouse C,Brand X,769.2596370856678,7
3435,Product B,Home,34,Supplier Z,44.54586402824516,1.142834838832687,58,SKU002,Warehouse C,Brand X,421.9573589875413,30
3436,Product C,Electronics,62,Supplier Y,4.069602900897912,3.720881615434557,56,SKU001,Warehouse B,Brand Y,26.74071512380342,7
3437,Product A,Electronics,91,Supplier X,23.31280271217475,1.177174105613672,2,SKU001,Warehouse A,Brand Y,621.8632423325,15
3438,Product A,Home,19,Supplier Y,38.77824192337403,4.128225875475293,26,SKU002,Warehouse C,Brand Z,72.46373437138355,15
3439,Product A,Clothing,43,Supplier Y,3.043633264570045,2.523800690940777,93,SKU002,Warehouse C,Brand X,116.7772183919793,7
3440,Product B,Electronics,69,Supplier Z,35.26676084056506,1.383061440425979,33,SKU001,Warehouse B,Brand Y,653.748212449728,30
3441,Product B,Home,63,Supplier Y,40.98558113766625,3.272186567150061,25,SKU001,Warehouse B,Brand Y,319.3634428814263,7
3442,Product C,Clothing,93,Supplier Y,33.04156492635261,2.120480786405552,39,SKU003,Warehouse A,Brand X,354.5498511811704,30
3443,Product B,Home,10,Supplier Z,0.6468446137677997,3.638295767487274,85,SKU003,Warehouse C,Brand Y,491.939006213411,30
3444,Product B,Electronics,13,Supplier Y,9.006851356610312,3.632699038055161,31,SKU003,Warehouse B,Brand Z,978.7926109107802,7
3445,Product A,Clothing,93,Supplier Z,17.10565394459754,3.820029896483011,40,SKU001,Warehouse C,Brand Y,965.7877985313233,30
3446,Product A,Clothing,5,Supplier Y,11.68450178190229,4.969860315111037,1,SKU003,Warehouse B,Brand Y,422.0983893664744,30
3447,Product A,Home,58,Supplier Z,48.13260701137137,2.546790839789622,71,SKU001,Warehouse B,Brand X,272.8442250460994,30
3448,Product A,Clothing,59,Supplier Z,32.57969570568968,2.861261897940404,6,SKU001,Warehouse A,Brand X,309.5662311374746,15
3449,Product A,Electronics,76,Supplier X,14.84854786757852,4.218446804101363,18,SKU002,Warehouse C,Brand Z,276.0934851799881,30
3450,Product A,Electronics,59,Supplier Y,46.48487493327228,3.313480092087541,32,SKU001,Warehouse C,Brand Y,536.9233490703629,7
3451,Product A,Electronics,77,Supplier Y,37.02970997380935,1.149028842751199,1,SKU002,Warehouse B,Brand Z,610.7912097229192,15
3452,Product C,Home,86,Supplier X,14.2303605913521,4.372314081039426,66,SKU002,Warehouse A,Brand Y,493.8915943473694,30
3453,Product C,Clothing,15,Supplier Z,18.94407847009777,1.205994727752164,91,SKU001,Warehouse A,Brand Y,413.9144186256708,15
3454,Product C,Clothing,77,Supplier Z,9.971442915197837,1.683280545967137,77,SKU001,Warehouse A,Brand X,219.1721871942384,7
3455,Product C,Clothing,1,Supplier X,48.55369991329109,1.408319867896749,14,SKU003,Warehouse C,Brand Z,487.6805354682922,15
3456,Product A,Electronics,38,Supplier X,25.86482479450366,1.311708531524481,20,SKU001,Warehouse B,Brand Y,347.6916866644335,15
3457,Product C,Clothing,53,Supplier Z,44.80283437489923,1.102739501218841,77,SKU003,Warehouse B,Brand Y,546.1795081703594,30
3458,Product A,Electronics,52,Supplier Z,17.32498855084238,1.22011085588947,58,SKU003,Warehouse A,Brand X,678.4375213565077,7
3459,Product C,Clothing,1,Supplier X,43.04208015487379,2.76975675671524,81,SKU001,Warehouse A,Brand X,636.9790526922445,7
3460,Product B,Electronics,11,Supplier Y,2.694342421358198,2.011409079930456,38,SKU003,Warehouse A,Brand X,467.8653083015374,15
3461,Product C,Clothing,58,Supplier Z,49.1045158762144,1.506147533675275,19,SKU002,Warehouse C,Brand Z,560.4919000371614,30
3462,Product C,Home,40,Supplier X,45.60171835166513,3.634822170906104,0,SKU002,Warehouse B,Brand Z,292.0075696511521,15
3463,Product A,Home,86,Supplier Y,18.16014723883275,1.904447642537034,72,SKU001,Warehouse A,Brand Y,33.99785643216579,15
3464,Product C,Electronics,99,Supplier Y,38.73610826572887,1.075796621379238,8,SKU001,Warehouse A,Brand Z,628.769259626423,15
3465,Product B,Electronics,60,Supplier Y,37.6128963236913,2.673679135069311,50,SKU001,Warehouse B,Brand X,260.04287354631,30
3466,Product A,Clothing,44,Supplier Y,45.06273985514658,2.24173196791322,37,SKU002,Warehouse C,Brand X,672.2641729675918,15
3467,Product A,Clothing,6,Supplier X,15.36274905644056,2.274417725385971,92,SKU003,Warehouse C,Brand Z,749.5384146009898,30
3468,Product C,Home,28,Supplier Z,23.27600026570747,2.781080112726246,14,SKU002,Warehouse C,Brand Y,916.7684686427433,7
3469,Product A,Clothing,31,Supplier Y,43.24998063030265,3.675655708937111,83,SKU003,Warehouse B,Brand Y,958.5415675248169,15
3470,Product A,Electronics,8,Supplier Y,38.9289727067608,3.465916480151976,40,SKU003,Warehouse C,Brand Y,20.42078584660443,7
3471,Product A,Electronics,5,Supplier X,19.67333593701396,4.749046439155502,93,SKU001,Warehouse A,Brand Y,990.470467261091,15
3472,Product A,Electronics,54,Supplier Y,42.2862616456061,3.070866665210086,46,SKU001,Warehouse C,Brand X,686.1881353092193,7
3473,Product A,Electronics,17,Supplier X,2.347701961620074,2.890279638900289,25,SKU001,Warehouse B,Brand Z,647.0889187704473,30
3474,Product A,Electronics,38,Supplier X,39.10231514814951,1.853657740867588,53,SKU002,Warehouse C,Brand X,25.06096424340186,15
3475,Product B,Home,9,Supplier Z,10.33829297168503,4.021525155392627,69,SKU002,Warehouse B,Brand Y,862.6210777678701,15
3476,Product C,Home,74,Supplier Y,14.30604539118936,1.563103104857139,38,SKU002,Warehouse B,Brand Y,154.0365327753481,30
3477,Product B,Electronics,84,Supplier Z,24.66074217977968,2.964531559281936,16,SKU001,Warehouse C,Brand X,838.9568523937106,7
3478,Product A,Clothing,78,Supplier X,22.4867250534987,2.685288793549778,69,SKU001,Warehouse A,Brand Y,25.40692079612884,7
3479,Product A,Electronics,14,Supplier Y,26.02850534349405,3.633203513617613,91,SKU003,Warehouse B,Brand X,649.5046198741696,30
3480,Product C,Home,26,Supplier X,27.23877978360119,4.670485879826636,8,SKU003,Warehouse C,Brand X,440.4535184321295,7
3481,Product B,Electronics,93,Supplier X,16.57638455157485,4.78638236599289,90,SKU001,Warehouse B,Brand X,208.7590617687418,30
3482,Product C,Home,62,Supplier X,8.7613756508515,1.671197068652634,98,SKU002,Warehouse C,Brand X,116.4857778527298,7
3483,Product B,Home,91,Supplier Y,38.4240614643653,2.047268873068713,45,SKU001,Warehouse A,Brand Y,445.7264195808632,30
3484,Product A,Electronics,25,Supplier X,19.9988074543571,4.246541279858826,5,SKU002,Warehouse B,Brand Y,132.0727472682105,30
3485,Product C,Electronics,80,Supplier X,25.29204312295295,3.073119049796771,67,SKU001,Warehouse A,Brand Y,491.582145574137,30
3486,Product C,Clothing,36,Supplier Y,32.23483591755591,2.812138273422927,15,SKU001,Warehouse A,Brand Z,628.9648880663237,30
3487,Product A,Home,98,Supplier Z,45.4818961153328,3.842501809522823,86,SKU003,Warehouse A,Brand X,829.1103516712845,7
3488,Product C,Clothing,80,Supplier X,35.377641557011,3.407699810427887,86,SKU002,Warehouse A,Brand Z,681.862942811038,15
3489,Product B,Electronics,33,Supplier Z,2.272961279519226,4.882856217685339,28,SKU002,Warehouse A,Brand X,74.54776903908896,7
3490,Product B,Home,3,Supplier Z,41.92801816990088,3.335898609153068,40,SKU001,Warehouse C,Brand X,314.3582072223588,30
3491,Product B,Clothing,87,Supplier Z,49.46775075637596,2.863895305389013,67,SKU003,Warehouse A,Brand Y,295.0988218531754,15
3492,Product B,Clothing,11,Supplier Z,23.62425126856911,3.171269448312703,61,SKU001,Warehouse C,Brand X,915.8820992363734,15
3493,Product A,Clothing,58,Supplier Z,48.47951682273003,4.234159266787893,39,SKU001,Warehouse A,Brand Z,869.1042239488359,7
3494,Product C,Electronics,64,Supplier Z,27.36643711715747,3.450700227140883,61,SKU002,Warehouse A,Brand Y,376.4464391669128,30
3495,Product B,Electronics,18,Supplier Y,22.98079979359749,3.588192365546871,23,SKU001,Warehouse B,Brand Y,80.44370332375529,30
3496,Product A,Electronics,47,Supplier Y,16.57023823637275,4.885755520146368,5,SKU003,Warehouse C,Brand X,895.1662446266861,30
3497,Product C,Home,44,Supplier Z,32.87774379166694,3.473581937701829,39,SKU001,Warehouse A,Brand Y,889.3080534345454,30
3498,Product C,Electronics,93,Supplier Y,11.49102102625223,2.521140993338159,69,SKU003,Warehouse A,Brand Z,856.1986707104178,30
3499,Product A,Home,59,Supplier Y,5.246710925720216,3.765304108051186,57,SKU002,Warehouse A,Brand X,846.6308213581466,15
3500,Product A,Clothing,50,Supplier Z,1.361855129210704,3.637837587909245,13,SKU002,Warehouse C,Brand Z,485.4514610752931,7
3501,Product B,Clothing,69,Supplier Z,14.61900563576319,1.055390542025528,77,SKU001,Warehouse C,Brand Y,185.6573357271022,7
3502,Product C,Electronics,88,Supplier X,19.78854160835191,2.869317187143333,44,SKU003,Warehouse C,Brand Z,482.7131699578034,7
3503,Product C,Clothing,29,Supplier Y,27.60383481406239,3.971614411529597,98,SKU002,Warehouse B,Brand Z,499.6517929627702,15
3504,Product A,Electronics,93,Supplier Z,14.63749125935032,2.996165830884516,5,SKU003,Warehouse B,Brand Y,495.0324357124121,15
3505,Product C,Home,90,Supplier Y,49.20297861927056,4.118484543741557,22,SKU002,Warehouse A,Brand X,543.384860253965,7
3506,Product B,Clothing,67,Supplier Y,14.58725841205838,2.803534785710458,61,SKU002,Warehouse C,Brand X,265.0804527612436,15
3507,Product C,Electronics,2,Supplier Y,22.04876942232044,4.933286390548943,83,SKU003,Warehouse C,Brand Y,372.5787693222789,15
3508,Product A,Clothing,25,Supplier X,5.163808276595017,2.171566356815555,16,SKU003,Warehouse B,Brand X,439.8447260438348,7
3509,Product A,Clothing,19,Supplier Z,13.03132566685378,1.368490432584294,83,SKU003,Warehouse A,Brand Z,139.8099974213349,15
3510,Product B,Electronics,40,Supplier Y,2.416606989449555,2.720047204616389,69,SKU002,Warehouse C,Brand Y,460.8104932158855,30
3511,Product B,Clothing,2,Supplier Z,27.9754316718664,3.166836099495676,27,SKU003,Warehouse C,Brand Y,812.364920898897,7
3512,Product C,Clothing,83,Supplier Y,37.55323415662158,2.396374926729846,12,SKU001,Warehouse A,Brand X,829.7789473055475,7
3513,Product C,Clothing,65,Supplier Z,9.785490716803396,1.969124640471836,28,SKU003,Warehouse B,Brand X,417.44813418202,7
3514,Product A,Clothing,62,Supplier Z,18.39554689080354,3.688234765541956,44,SKU002,Warehouse B,Brand Y,523.6202289635099,7
3515,Product B,Home,91,Supplier Z,0.8308113363580283,2.508500399425008,19,SKU003,Warehouse C,Brand Y,43.31382881370607,15
3516,Product B,Clothing,54,Supplier Y,41.9761027861106,3.525474116402548,57,SKU003,Warehouse A,Brand Y,677.688230903911,7
3517,Product B,Clothing,45,Supplier X,38.99817624658348,4.116285794395104,80,SKU003,Warehouse A,Brand Y,410.5598241173944,30
3518,Product C,Electronics,49,Supplier Z,3.162701543714619,4.044010511040095,53,SKU001,Warehouse A,Brand Z,451.0229062525123,15
3519,Product B,Home,99,Supplier X,18.24338046602056,2.501237242542765,98,SKU002,Warehouse C,Brand Z,874.9359999079671,15
3520,Product A,Electronics,69,Supplier Z,47.76433069247477,3.271592915800699,63,SKU001,Warehouse B,Brand Y,467.2160902150023,7
3521,Product A,Electronics,38,Supplier X,19.60135280394885,2.79863289777097,51,SKU001,Warehouse B,Brand Y,30.98032376557423,15
3522,Product C,Electronics,4,Supplier Z,26.3104338362008,4.483221010838641,42,SKU002,Warehouse B,Brand Y,235.2159819603717,15
3523,Product C,Home,17,Supplier X,17.76214305051776,4.515033919199997,86,SKU002,Warehouse B,Brand Z,480.8644081651764,15
3524,Product B,Electronics,53,Supplier Z,29.80656940641309,2.374966331552147,17,SKU003,Warehouse B,Brand X,430.1523298210504,7
3525,Product C,Electronics,85,Supplier Z,48.90784378184111,1.366949791514923,99,SKU002,Warehouse C,Brand Z,861.7664359076758,30
3526,Product A,Electronics,53,Supplier X,49.87512517405985,1.670329933296078,83,SKU003,Warehouse C,Brand Y,546.716134213105,7
3527,Product B,Clothing,31,Supplier Z,38.73574890055956,2.468006968523535,53,SKU001,Warehouse B,Brand Y,692.7393844959698,30
3528,Product A,Electronics,22,Supplier Y,20.21555490102196,3.256999819051963,59,SKU003,Warehouse B,Brand Y,474.6300640730354,15
3529,Product B,Home,11,Supplier Z,24.72161004144942,3.627148043857717,70,SKU002,Warehouse C,Brand Y,445.2591767185733,30
3530,Product C,Home,34,Supplier Z,17.83656640561527,2.325484185144001,99,SKU003,Warehouse B,Brand Z,451.8238017896078,7
3531,Product B,Clothing,15,Supplier Y,49.27873149521731,3.669996478495943,0,SKU001,Warehouse B,Brand X,416.8123539969005,7
3532,Product B,Home,10,Supplier Y,35.38801529127019,4.750959934695024,36,SKU002,Warehouse B,Brand Y,543.1975519956613,7
3533,Product A,Home,96,Supplier Y,22.44657227167556,3.608056508675802,48,SKU002,Warehouse A,Brand Y,257.9389677360676,15
3534,Product A,Clothing,53,Supplier X,0.6057635054801169,1.634260917777405,34,SKU003,Warehouse B,Brand Y,892.1446419034027,30
3535,Product B,Electronics,48,Supplier Y,26.02417071952742,3.31867565191051,66,SKU003,Warehouse A,Brand X,339.7546926129342,7
3536,Product C,Clothing,31,Supplier X,49.19641008508089,3.167582067067931,34,SKU003,Warehouse B,Brand Z,156.0485958355734,7
3537,Product C,Electronics,37,Supplier Y,26.15304544865259,4.482800443593683,92,SKU001,Warehouse B,Brand X,105.5849738117677,7
3538,Product A,Electronics,28,Supplier X,9.121334274455684,2.401212220851897,8,SKU001,Warehouse C,Brand Z,23.28868596892633,15
3539,Product C,Home,31,Supplier Y,1.104687355238743,2.69178244022672,36,SKU002,Warehouse C,Brand Y,428.6275177811929,7
3540,Product A,Clothing,70,Supplier Y,17.73518790621045,3.394636221945975,59,SKU002,Warehouse C,Brand X,195.7348786599704,15
3541,Product C,Home,14,Supplier Z,45.91140278483034,3.097701246968102,55,SKU001,Warehouse A,Brand X,31.43142356137544,15
3542,Product B,Home,87,Supplier Y,49.82770540879405,3.876066369620697,88,SKU003,Warehouse A,Brand Y,524.8193508266285,7
3543,Product A,Electronics,16,Supplier Z,47.26839874060013,1.161555963649983,11,SKU003,Warehouse B,Brand X,683.1787631642538,15
3544,Product A,Home,25,Supplier Y,36.47099966271284,3.254064076827839,70,SKU001,Warehouse A,Brand Y,94.8935404019933,15
3545,Product B,Clothing,39,Supplier Y,27.90713642203276,1.486687572015501,70,SKU003,Warehouse C,Brand Y,466.311565190463,7
3546,Product A,Home,66,Supplier Z,29.5343073191126,2.260835970078885,3,SKU001,Warehouse A,Brand Z,746.1923918147392,7
3547,Product C,Home,38,Supplier Z,26.94960045459804,3.646507446129561,60,SKU003,Warehouse B,Brand Z,985.9487527983408,30
3548,Product C,Electronics,41,Supplier X,35.35246524614941,1.629656802368711,44,SKU003,Warehouse A,Brand Y,670.5184411961353,7
3549,Product A,Clothing,98,Supplier Z,20.94366133476762,2.235367342018515,94,SKU002,Warehouse C,Brand Y,252.3911553014254,30
3550,Product C,Home,40,Supplier X,33.46020024778827,3.812025931341248,49,SKU003,Warehouse B,Brand X,719.3881033812096,30
3551,Product A,Electronics,64,Supplier Y,6.080605747860051,3.603220970107336,49,SKU003,Warehouse A,Brand Y,601.9501325516317,30
3552,Product B,Home,89,Supplier Z,13.28476532807419,1.364158676838952,73,SKU001,Warehouse B,Brand Y,219.6812956957322,7
3553,Product A,Clothing,16,Supplier Z,41.80015194043148,3.309073973969296,47,SKU001,Warehouse B,Brand X,852.5997175890792,30
3554,Product B,Home,82,Supplier Y,45.18744653716956,1.589017847674558,22,SKU001,Warehouse A,Brand Y,433.1303829553249,30
3555,Product C,Home,77,Supplier Y,26.95041187801499,2.009085514857971,89,SKU001,Warehouse B,Brand Y,962.3578781867847,30
3556,Product B,Electronics,59,Supplier Y,1.58178086064662,2.836845114543115,86,SKU003,Warehouse A,Brand Z,725.6719973733002,7
3557,Product C,Home,91,Supplier Y,46.34867853958841,1.437387293192756,92,SKU001,Warehouse C,Brand Y,648.1175230855039,7
3558,Product A,Electronics,98,Supplier Z,35.10321290136432,4.974587871674267,7,SKU002,Warehouse C,Brand Y,731.0693091017963,7
3559,Product C,Clothing,11,Supplier Y,20.70139618776804,1.661478244216005,82,SKU001,Warehouse A,Brand X,483.3160486300393,7
3560,Product A,Home,1,Supplier Y,29.91894715997482,4.125250513714418,28,SKU003,Warehouse A,Brand Z,510.1742130236572,15
3561,Product A,Clothing,13,Supplier Z,21.4887417220683,4.3193553800929,42,SKU002,Warehouse B,Brand Z,852.6953115902965,7
3562,Product B,Clothing,30,Supplier X,23.26696133660255,4.977855879584006,52,SKU003,Warehouse A,Brand Y,684.1192512770679,30
3563,Product B,Home,69,Supplier Z,44.34049328297009,2.714612871409074,5,SKU002,Warehouse B,Brand Z,898.2708919397253,7
3564,Product B,Electronics,18,Supplier X,8.054212345855577,4.49637808055736,92,SKU002,Warehouse C,Brand Z,891.9184860385259,15
3565,Product B,Clothing,78,Supplier Y,5.183456774111839,4.830157756067404,23,SKU002,Warehouse A,Brand Z,976.7251337038067,15
3566,Product C,Clothing,13,Supplier Z,0.1364372256507873,1.691576579578669,73,SKU003,Warehouse C,Brand X,703.2125122568808,15
3567,Product C,Home,32,Supplier Y,15.70001878060633,2.91774435623813,13,SKU002,Warehouse A,Brand X,507.2787004851246,7
3568,Product C,Home,71,Supplier Z,7.370688324221369,1.240043275424351,51,SKU003,Warehouse C,Brand Z,174.6485832069915,15
3569,Product A,Home,72,Supplier X,10.99927475690556,3.482896048096806,69,SKU002,Warehouse A,Brand Z,708.3267540509431,15
3570,Product C,Home,50,Supplier Z,0.5619491332688464,3.325624627426266,3,SKU001,Warehouse A,Brand Y,298.6619395923314,15
3571,Product C,Home,71,Supplier Y,11.35977073438516,1.816505138652789,57,SKU001,Warehouse B,Brand Z,290.1180923569579,7
3572,Product C,Home,80,Supplier Z,16.6355790966187,4.191611035576504,78,SKU002,Warehouse B,Brand X,245.9048986835874,15
3573,Product B,Electronics,31,Supplier Y,1.578374820494066,1.149074891054159,36,SKU002,Warehouse A,Brand Y,876.3708367779357,15
3574,Product C,Clothing,51,Supplier Z,30.39520621485739,4.224909296510228,47,SKU001,Warehouse B,Brand X,869.2848022153366,30
3575,Product A,Electronics,27,Supplier X,28.4400174441879,1.10658116465547,38,SKU001,Warehouse A,Brand X,634.6607404213576,30
3576,Product B,Electronics,60,Supplier Z,4.851788925496253,3.627315248545401,91,SKU003,Warehouse A,Brand X,478.2511715570285,30
3577,Product A,Home,33,Supplier Z,29.75048887592005,1.315078055659605,65,SKU001,Warehouse C,Brand X,675.393315497811,15
3578,Product C,Clothing,53,Supplier Z,49.93269593044388,2.004902077249292,12,SKU003,Warehouse B,Brand X,611.1571557954068,30
3579,Product B,Electronics,93,Supplier Z,47.22344764057704,3.887653397247343,65,SKU002,Warehouse B,Brand Y,421.5769058401535,7
3580,Product A,Home,72,Supplier X,0.133549668383165,2.121619198501547,59,SKU003,Warehouse C,Brand X,385.834558810778,30
3581,Product C,Home,33,Supplier Y,39.76891556651798,3.044695394870939,40,SKU002,Warehouse A,Brand Z,388.9663650638967,7
3582,Product A,Clothing,41,Supplier Z,17.6802638118243,4.660993078080457,31,SKU003,Warehouse B,Brand Y,593.2420691244779,30
3583,Product A,Electronics,19,Supplier Z,3.182568516731371,1.198537416146313,51,SKU003,Warehouse A,Brand Z,651.1926625596176,30
3584,Product A,Electronics,85,Supplier Z,14.7991606858104,4.244319174942694,4,SKU003,Warehouse B,Brand Y,457.2243359802875,30
3585,Product C,Electronics,41,Supplier X,16.08682581564812,1.261087994273958,66,SKU002,Warehouse B,Brand Z,969.0045357109126,7
3586,Product C,Home,85,Supplier Y,26.16221196545284,1.507179377346707,65,SKU002,Warehouse A,Brand X,93.00726082443623,7
3587,Product A,Clothing,89,Supplier Y,33.05418836344273,1.477276415556843,77,SKU003,Warehouse A,Brand Z,353.5765556942392,30
3588,Product B,Clothing,42,Supplier Z,37.4527806104204,4.976409132842905,51,SKU002,Warehouse B,Brand X,424.8839362941865,7
3589,Product B,Electronics,23,Supplier Z,12.29515212816333,1.720745277326134,48,SKU003,Warehouse C,Brand Y,26.75213003029369,30
3590,Product C,Home,75,Supplier Y,16.08852851242485,4.587047385025073,28,SKU002,Warehouse C,Brand X,371.3076157915429,15
3591,Product C,Electronics,33,Supplier Z,15.41908534298676,4.963728651786217,37,SKU003,Warehouse C,Brand Z,280.9728180011141,15
3592,Product C,Clothing,20,Supplier Z,18.13684340604382,2.535139081649192,69,SKU001,Warehouse C,Brand X,510.975907525206,15
3593,Product C,Home,25,Supplier Z,49.98281544781694,3.524194174114742,97,SKU001,Warehouse C,Brand X,343.0464417114366,7
3594,Product C,Electronics,90,Supplier X,38.89716514137129,4.11636501505445,7,SKU003,Warehouse A,Brand Y,728.9203135969966,15
3595,Product B,Electronics,52,Supplier X,48.74952326343485,2.570580327344833,58,SKU002,Warehouse B,Brand X,514.833170453572,30
3596,Product C,Home,12,Supplier Y,34.65555297735286,1.647256561991229,54,SKU003,Warehouse C,Brand Y,138.4646111613017,30
3597,Product A,Clothing,32,Supplier X,20.31353508236421,2.735050975170245,1,SKU001,Warehouse B,Brand Z,752.5607109029038,7
3598,Product A,Home,33,Supplier X,19.48720918134875,4.087550580011778,25,SKU001,Warehouse A,Brand Y,108.2366071218498,30
3599,Product B,Electronics,74,Supplier Y,24.42905724875225,4.123051050993612,62,SKU003,Warehouse B,Brand Z,840.6586763985638,15
3600,Product A,Electronics,68,Supplier X,20.84348916822187,1.922155168683653,16,SKU001,Warehouse A,Brand Z,932.1079721453572,30
3601,Product B,Electronics,15,Supplier Y,41.41631230463729,1.699862559562986,58,SKU003,Warehouse B,Brand X,329.2208372830054,7
3602,Product B,Electronics,51,Supplier Z,23.25010065133464,4.682242808401399,87,SKU001,Warehouse B,Brand Y,926.8812069303016,30
3603,Product A,Clothing,6,Supplier Y,14.7807180105423,1.175996122233242,94,SKU002,Warehouse A,Brand Z,795.0780775313129,30
3604,Product C,Clothing,91,Supplier Y,38.74301343483259,3.938953903060348,15,SKU002,Warehouse B,Brand X,923.2112548937322,15
3605,Product A,Electronics,69,Supplier Y,42.72102046906973,1.185685541787016,57,SKU002,Warehouse A,Brand X,669.6074355516392,7
3606,Product A,Clothing,69,Supplier Z,21.02144780702257,4.351600203443951,63,SKU003,Warehouse B,Brand Z,243.2875990272076,15
3607,Product B,Clothing,82,Supplier Z,33.3904285952766,4.621659253344408,49,SKU003,Warehouse B,Brand X,895.5780045418628,30
3608,Product A,Clothing,92,Supplier Z,2.940226694415238,2.189676496916396,84,SKU002,Warehouse C,Brand Y,192.4224254090363,7
3609,Product B,Electronics,35,Supplier Y,26.47324259857333,1.29574257406679,25,SKU002,Warehouse B,Brand Z,220.9299455073602,30
3610,Product C,Home,86,Supplier Y,2.249056887275402,2.922738145389714,16,SKU002,Warehouse C,Brand Z,278.3523602389601,30
3611,Product C,Home,34,Supplier Y,1.459542024723404,2.193852146981907,45,SKU001,Warehouse C,Brand X,311.2038483717188,15
3612,Product C,Home,63,Supplier Y,30.64624252613695,2.668544571241516,67,SKU002,Warehouse A,Brand Z,519.3348457097203,30
3613,Product A,Electronics,68,Supplier Y,15.16676911974936,3.659941813954721,49,SKU001,Warehouse A,Brand Z,716.3227868297037,7
3614,Product B,Clothing,18,Supplier Y,37.12685812277327,1.839304143794868,42,SKU002,Warehouse B,Brand Z,926.9460926566769,7
3615,Product C,Clothing,26,Supplier Y,44.80412803162961,2.427806278056345,47,SKU003,Warehouse A,Brand Y,97.55321146214742,15
3616,Product B,Electronics,86,Supplier X,6.969558686517535,4.130249961170694,67,SKU002,Warehouse C,Brand Y,954.8256686059535,15
3617,Product B,Electronics,97,Supplier Z,36.22614192894619,3.575047799811287,18,SKU001,Warehouse B,Brand Y,922.1097374258452,7
3618,Product C,Home,61,Supplier X,25.72599991441716,2.305101964604955,24,SKU002,Warehouse A,Brand Y,63.45929925922855,15
3619,Product C,Home,78,Supplier Z,5.605962508134943,3.657206401039714,71,SKU001,Warehouse A,Brand X,366.7179263146471,30
3620,Product B,Electronics,95,Supplier Y,32.57963032403624,4.061251691567866,17,SKU002,Warehouse A,Brand Z,815.0119563963431,7
3621,Product C,Home,74,Supplier X,30.47334015532364,3.36994232381115,50,SKU001,Warehouse C,Brand Y,615.4607800246071,15
3622,Product B,Clothing,88,Supplier Y,25.78209337003913,1.957987330004034,17,SKU001,Warehouse A,Brand X,781.3030039479527,7
3623,Product B,Electronics,85,Supplier X,46.3235602279829,1.000981162047972,57,SKU002,Warehouse B,Brand Y,721.8430054019886,30
3624,Product C,Electronics,48,Supplier X,26.05398480520083,4.211396427953126,63,SKU002,Warehouse B,Brand X,501.8024119958919,15
3625,Product A,Clothing,72,Supplier Y,49.52575577251063,4.290534221264657,70,SKU003,Warehouse B,Brand Y,50.80586549218254,7
3626,Product C,Clothing,96,Supplier X,25.46144069240555,3.790418005577448,56,SKU003,Warehouse C,Brand Y,588.4255200438561,30
3627,Product A,Clothing,31,Supplier X,5.79260191506838,1.306323725470455,16,SKU003,Warehouse A,Brand Z,58.08098652870301,15
3628,Product B,Home,34,Supplier Z,23.52356255375152,3.340889150032185,58,SKU001,Warehouse B,Brand Y,607.6894503597796,7
3629,Product B,Electronics,87,Supplier Y,9.116438127753563,4.284082685086429,66,SKU001,Warehouse A,Brand Y,802.4067538687415,30
3630,Product A,Home,89,Supplier Y,29.85667426087136,2.558673280432663,85,SKU003,Warehouse A,Brand X,589.1418312148994,30
3631,Product B,Clothing,7,Supplier X,34.65660875968005,1.792002936881016,14,SKU003,Warehouse B,Brand Z,997.0515865160801,30
3632,Product A,Home,83,Supplier Y,23.42176393535468,3.350509188965883,94,SKU002,Warehouse C,Brand Z,461.3078351786287,30
3633,Product A,Clothing,7,Supplier Z,4.885148384157412,4.305226509203512,99,SKU003,Warehouse B,Brand X,751.3391889679476,30
3634,Product B,Home,47,Supplier Z,23.43206992917765,1.195479834828262,25,SKU001,Warehouse B,Brand Y,670.5411588244884,15
3635,Product A,Home,8,Supplier Y,4.07271073672002,3.387804868642943,47,SKU002,Warehouse C,Brand X,991.5173746425071,30
3636,Product C,Clothing,78,Supplier Y,34.1062977753267,3.572695181357368,13,SKU003,Warehouse A,Brand Y,716.0868150263341,15
3637,Product C,Home,1,Supplier Z,39.51841124325438,3.409468157393118,80,SKU003,Warehouse A,Brand Y,172.3904241447955,15
3638,Product B,Electronics,77,Supplier Y,48.11901636135195,3.600134736948194,8,SKU003,Warehouse C,Brand Z,955.9625293530685,7
3639,Product B,Home,3,Supplier X,7.440105356422821,3.525501230416618,6,SKU002,Warehouse B,Brand Y,671.0994541813037,7
3640,Product A,Home,53,Supplier Y,26.62101677666521,1.521615539921396,90,SKU002,Warehouse C,Brand Z,68.744848498326,15
3641,Product A,Electronics,92,Supplier X,28.37686837677093,1.939747107795661,91,SKU002,Warehouse B,Brand Z,660.9926227267663,30
3642,Product A,Clothing,38,Supplier Z,46.12382668904898,3.475976021156041,54,SKU003,Warehouse C,Brand X,884.2882126080273,30
3643,Product A,Electronics,51,Supplier Y,31.36383202982571,1.070772644547083,11,SKU002,Warehouse A,Brand Y,581.2714433701248,15
3644,Product C,Home,15,Supplier Z,7.275482282266054,3.538978074892978,16,SKU002,Warehouse C,Brand X,360.4794416516911,30
3645,Product C,Clothing,67,Supplier Y,21.81756619815946,3.661546495140128,72,SKU002,Warehouse C,Brand X,822.7005377299098,15
3646,Product B,Home,64,Supplier X,32.73812642531252,1.956699039446634,7,SKU002,Warehouse B,Brand X,784.6868881237712,7
3647,Product A,Home,68,Supplier Y,35.01422160346487,3.392531319012559,90,SKU001,Warehouse B,Brand X,548.7403326889878,30
3648,Product A,Electronics,5,Supplier Z,43.15369992952868,3.136360242895058,41,SKU003,Warehouse B,Brand Z,162.8181521969413,30
3649,Product B,Electronics,90,Supplier X,9.025355992219858,2.042766192612455,75,SKU002,Warehouse C,Brand Z,258.4766206679495,30
3650,Product A,Clothing,89,Supplier Y,47.57710733777492,2.851896047499018,36,SKU001,Warehouse C,Brand Z,741.0991324642447,7
3651,Product A,Clothing,10,Supplier Z,2.956970600779613,4.638498117648727,19,SKU001,Warehouse B,Brand Z,808.0213437409782,30
3652,Product A,Clothing,8,Supplier Z,49.1881067284451,2.706411121839531,0,SKU003,Warehouse A,Brand Y,286.4726252605799,15
3653,Product A,Home,12,Supplier Y,42.88835464332043,3.519376707518007,8,SKU003,Warehouse B,Brand Z,374.3052264149188,30
3654,Product A,Electronics,64,Supplier Z,33.01363913810857,1.141403284162777,23,SKU002,Warehouse C,Brand Y,86.8555663972972,15
3655,Product B,Electronics,59,Supplier X,36.74977501322108,1.311200453288395,33,SKU003,Warehouse C,Brand X,716.3273288828348,30
3656,Product A,Electronics,67,Supplier Y,3.634600295939822,1.325232293213274,35,SKU003,Warehouse B,Brand Y,13.54176915403103,15
3657,Product B,Clothing,91,Supplier X,2.073993144722619,4.112963054505782,3,SKU003,Warehouse B,Brand Z,56.07610600687739,7
3658,Product A,Electronics,50,Supplier Z,5.088289827568277,2.401027579213811,28,SKU003,Warehouse C,Brand Z,14.30062710624901,30
3659,Product C,Electronics,23,Supplier Z,4.367990733206889,1.910446753463253,86,SKU002,Warehouse C,Brand Z,648.8663875042406,7
3660,Product C,Electronics,40,Supplier Z,27.36906167347176,3.989298273806891,98,SKU001,Warehouse A,Brand X,423.2132564235411,7
3661,Product C,Clothing,97,Supplier X,10.77219935558946,1.679840250224698,15,SKU003,Warehouse B,Brand X,304.5712937298969,30
3662,Product C,Electronics,78,Supplier Z,43.01028186033633,1.985970100281123,7,SKU001,Warehouse B,Brand Z,913.5740002535392,30
3663,Product B,Clothing,87,Supplier Y,22.28743115340361,2.723725773080083,90,SKU001,Warehouse A,Brand X,200.8747667298406,15
3664,Product B,Electronics,95,Supplier Y,34.77552382291375,2.325752276058453,38,SKU001,Warehouse C,Brand Y,395.4743302775865,30
3665,Product A,Electronics,77,Supplier Z,32.64365464850799,3.341568844146577,57,SKU003,Warehouse C,Brand Y,940.9086829184741,30
3666,Product C,Electronics,76,Supplier Y,15.9926519464855,2.351362476299391,11,SKU003,Warehouse A,Brand Y,432.835497208672,15
3667,Product B,Clothing,99,Supplier X,12.15837867628645,2.571806543435568,43,SKU002,Warehouse B,Brand Y,559.1467487905873,15
3668,Product A,Clothing,18,Supplier X,17.12281426483176,4.451546432997944,3,SKU003,Warehouse C,Brand Z,89.53349790379269,30
3669,Product A,Electronics,21,Supplier Z,39.83291869249187,4.53812575851201,24,SKU003,Warehouse A,Brand Z,792.2647230245277,30
3670,Product B,Home,1,Supplier Y,29.31384242098092,4.31084476325363,69,SKU003,Warehouse A,Brand Y,428.5311893173558,30
3671,Product C,Clothing,38,Supplier Y,12.67693312595877,4.459323730818531,66,SKU001,Warehouse A,Brand Y,802.5099733524986,7
3672,Product A,Clothing,41,Supplier Z,40.89232215302151,3.278914677356468,38,SKU002,Warehouse C,Brand Z,261.2596661304322,7
3673,Product C,Electronics,42,Supplier X,2.737969305515336,3.584932859005536,23,SKU001,Warehouse C,Brand X,428.253963055796,30
3674,Product C,Home,9,Supplier Z,34.95916874951477,3.228692666219762,84,SKU002,Warehouse A,Brand Y,788.6834470013603,15
3675,Product C,Electronics,23,Supplier Y,21.95504028746554,4.14235233621168,5,SKU003,Warehouse A,Brand X,974.1389893732033,30
3676,Product A,Clothing,78,Supplier Y,36.56451930329441,3.204001943045777,96,SKU003,Warehouse C,Brand Z,69.02926914339618,30
3677,Product C,Clothing,11,Supplier Z,46.37306401217134,1.444307858203122,71,SKU001,Warehouse C,Brand Y,814.3316156447153,7
3678,Product A,Electronics,71,Supplier X,37.50170489734519,4.23832048182744,32,SKU001,Warehouse C,Brand Y,307.6821769508391,30
3679,Product C,Electronics,31,Supplier X,22.09826776556912,4.042340682710146,47,SKU001,Warehouse C,Brand X,555.2358480821614,30
3680,Product A,Home,88,Supplier Z,7.548784075694037,4.281202381130502,66,SKU002,Warehouse C,Brand X,297.1913423012404,7
3681,Product C,Home,26,Supplier Y,40.31754879027169,1.761717853559047,1,SKU001,Warehouse A,Brand X,617.3110178423103,7
3682,Product B,Clothing,30,Supplier X,23.03527634606858,2.086468210859868,37,SKU003,Warehouse C,Brand X,360.2648023375358,15
3683,Product C,Home,34,Supplier Z,3.76561617285649,2.18300678905412,39,SKU002,Warehouse C,Brand Y,340.2787420679047,15
3684,Product C,Home,46,Supplier Y,35.9527698888433,3.032322144742694,55,SKU002,Warehouse A,Brand Z,47.55892980657617,15
3685,Product A,Clothing,69,Supplier X,14.59259829582948,1.535508336653839,87,SKU003,Warehouse A,Brand X,155.4908018447734,30
3686,Product A,Clothing,5,Supplier X,2.444411475259262,2.541527013099469,20,SKU001,Warehouse B,Brand X,917.9074168768241,15
3687,Product C,Clothing,61,Supplier Z,45.13755074870389,1.728632644316118,81,SKU001,Warehouse C,Brand Z,998.2946545845139,7
3688,Product B,Clothing,83,Supplier Y,24.1550546046955,2.059050852130946,34,SKU003,Warehouse B,Brand Y,782.7153701109104,15
3689,Product B,Electronics,38,Supplier X,14.04805265865108,3.825550538233709,74,SKU003,Warehouse B,Brand Z,293.9444985257519,30
3690,Product A,Clothing,28,Supplier Z,35.81932789424557,4.419244625269124,74,SKU003,Warehouse A,Brand Z,408.4206870591566,30
3691,Product B,Clothing,26,Supplier X,44.29511888412819,1.091623466388735,66,SKU003,Warehouse A,Brand X,742.1084203570219,15
3692,Product C,Clothing,61,Supplier Y,0.01535375168777442,3.263587853420002,59,SKU002,Warehouse B,Brand Z,968.8284213143661,30
3693,Product A,Home,23,Supplier X,34.39260925210769,1.144239048249069,22,SKU002,Warehouse B,Brand Z,460.9164590220739,30
3694,Product C,Clothing,46,Supplier Y,38.35058470092107,1.340996980046201,64,SKU001,Warehouse B,Brand Y,831.2271911354909,30
3695,Product A,Electronics,30,Supplier X,10.49637136397465,3.820336138456436,62,SKU002,Warehouse B,Brand X,975.3182333727298,15
3696,Product A,Electronics,67,Supplier X,24.48119157050872,3.942432426008466,22,SKU002,Warehouse C,Brand X,874.7384393454442,30
3697,Product A,Clothing,92,Supplier Z,4.464294945896791,4.255922692691195,85,SKU002,Warehouse B,Brand X,234.8782493036137,15
3698,Product A,Electronics,33,Supplier X,37.33749412576738,2.89696604708122,41,SKU003,Warehouse A,Brand Y,17.95154523686671,15
3699,Product B,Home,3,Supplier Y,42.37280092816763,4.439229928064753,93,SKU002,Warehouse B,Brand Y,497.160888334531,30
3700,Product C,Clothing,69,Supplier Z,5.409332866233029,1.667353166566497,63,SKU001,Warehouse B,Brand Y,536.0472233783141,15
3701,Product C,Electronics,83,Supplier Y,40.82301267164173,1.998865654540011,65,SKU002,Warehouse A,Brand Y,209.2378609056579,15
3702,Product C,Electronics,42,Supplier Y,38.57850852422668,1.538008590407885,80,SKU003,Warehouse B,Brand X,291.8276480273495,30
3703,Product A,Clothing,62,Supplier Z,17.34566601854486,4.190149042327507,40,SKU002,Warehouse A,Brand X,767.5016292400614,30
3704,Product B,Electronics,58,Supplier Y,34.51447649667917,1.914700473546476,19,SKU001,Warehouse C,Brand Z,475.6437861260025,15
3705,Product C,Clothing,57,Supplier X,0.00240619471558734,1.622044971033183,8,SKU002,Warehouse C,Brand Y,324.1805427642541,7
3706,Product B,Electronics,1,Supplier Z,46.58988272329993,3.492442750352225,56,SKU001,Warehouse A,Brand Z,626.3997670883002,7
3707,Product A,Home,73,Supplier X,27.51916176541864,1.308328105442698,74,SKU003,Warehouse C,Brand Y,656.2321584163641,7
3708,Product C,Electronics,60,Supplier X,31.01694320309997,1.17960110888069,16,SKU001,Warehouse C,Brand Z,771.7018190723942,7
3709,Product B,Electronics,69,Supplier Y,33.23297067695493,1.426870594209836,77,SKU001,Warehouse C,Brand X,165.1422028052899,15
3710,Product A,Clothing,59,Supplier Y,28.06845086091834,1.00096353594867,81,SKU003,Warehouse A,Brand X,744.1020798037204,30
3711,Product B,Electronics,46,Supplier X,42.83819437697316,3.78796061688717,17,SKU001,Warehouse B,Brand Y,603.4341081893143,7
3712,Product C,Clothing,34,Supplier Z,30.4850916075772,3.248941286857915,62,SKU002,Warehouse C,Brand X,66.99614664976914,30
3713,Product C,Home,97,Supplier X,45.38799956202363,1.839500436150896,71,SKU002,Warehouse B,Brand Y,779.671171970877,7
3714,Product A,Clothing,25,Supplier X,29.11658111170044,1.932019791910383,92,SKU001,Warehouse B,Brand Z,389.2494785198532,7
3715,Product A,Clothing,42,Supplier Y,8.55612109902833,4.243874393880159,71,SKU002,Warehouse C,Brand Y,337.0771249863412,7
3716,Product A,Electronics,29,Supplier Y,45.67812779196515,3.007280463441202,25,SKU002,Warehouse C,Brand Z,453.594400065818,30
3717,Product B,Home,25,Supplier X,34.08137491798884,3.794113428326959,91,SKU003,Warehouse B,Brand Z,352.7133265330678,30
3718,Product B,Clothing,54,Supplier X,34.96194972177781,2.811021805099662,71,SKU001,Warehouse C,Brand Y,344.9027362878099,7
3719,Product B,Electronics,73,Supplier Y,49.27408752858008,1.950872104083169,83,SKU002,Warehouse A,Brand X,809.9968910236192,30
3720,Product A,Electronics,67,Supplier X,3.759827710478958,4.881611202731627,71,SKU001,Warehouse A,Brand Z,133.2602018220354,7
3721,Product C,Clothing,15,Supplier Y,21.42963035475857,3.26259025350159,77,SKU001,Warehouse C,Brand X,970.894067178884,15
3722,Product C,Electronics,4,Supplier X,11.95476964933076,1.52392761507165,12,SKU002,Warehouse B,Brand Z,559.3823279305999,30
3723,Product B,Clothing,38,Supplier Z,31.52132323568286,2.624360168735627,16,SKU003,Warehouse C,Brand Z,191.0947584370998,7
3724,Product B,Clothing,20,Supplier Z,40.34058418740359,2.317349647787603,25,SKU003,Warehouse A,Brand Z,139.9033281023696,15
3725,Product C,Clothing,23,Supplier X,48.31553544462064,1.856349874354085,5,SKU001,Warehouse B,Brand Z,595.5944368136328,15
3726,Product C,Home,37,Supplier Y,22.729805347736,4.733759956961038,80,SKU003,Warehouse C,Brand Y,636.6694494084587,7
3727,Product B,Clothing,62,Supplier X,39.31091153213021,4.52367998183901,3,SKU002,Warehouse A,Brand Z,62.49551331951265,15
3728,Product B,Electronics,8,Supplier X,45.85257960201898,1.796588466080466,88,SKU002,Warehouse B,Brand X,250.571894987498,15
3729,Product C,Home,37,Supplier Y,34.16627162679423,2.408591556222067,6,SKU003,Warehouse A,Brand X,797.5073020092526,7
3730,Product A,Electronics,45,Supplier X,12.13662762248856,4.049261566683287,16,SKU003,Warehouse C,Brand Y,59.12838146609024,15
3731,Product B,Home,97,Supplier Y,30.39270755538957,1.834024192560863,85,SKU001,Warehouse C,Brand Z,856.5377772669757,15
3732,Product C,Home,33,Supplier X,48.49760239085933,3.366259450416978,91,SKU003,Warehouse A,Brand Y,661.5808517610702,7
3733,Product C,Home,7,Supplier Y,49.37769144307827,3.799175768499266,49,SKU001,Warehouse A,Brand X,440.0790267695727,7
3734,Product C,Home,22,Supplier X,32.1179911858389,3.615889302843065,5,SKU002,Warehouse A,Brand Z,352.9685204812067,15
3735,Product C,Electronics,5,Supplier Z,44.34938789359946,3.825634561102002,29,SKU003,Warehouse A,Brand X,29.05647421040502,30
3736,Product A,Clothing,15,Supplier Y,10.01746819243014,3.826798356115052,73,SKU001,Warehouse A,Brand Y,826.9627962943247,7
3737,Product C,Electronics,21,Supplier Z,12.30393024761084,4.859223679395713,55,SKU001,Warehouse B,Brand Y,151.2946354288527,30
3738,Product B,Clothing,89,Supplier Y,47.64438064424299,2.385995558081278,38,SKU001,Warehouse C,Brand X,316.4465719434672,7
3739,Product A,Electronics,17,Supplier Y,6.761768774740395,4.514361697503358,13,SKU001,Warehouse B,Brand Z,573.4159105591758,30
3740,Product C,Home,56,Supplier Y,9.555321904673947,1.087228250060427,53,SKU002,Warehouse A,Brand Z,253.5326740705417,7
3741,Product A,Home,50,Supplier Y,21.02742995600259,2.152811853293133,21,SKU003,Warehouse B,Brand X,502.1690591146793,15
3742,Product B,Clothing,7,Supplier X,29.47921438766752,1.194623127996526,56,SKU001,Warehouse C,Brand X,811.2494004513153,15
3743,Product C,Clothing,50,Supplier X,30.19086094841358,3.604815839823361,40,SKU003,Warehouse A,Brand Z,475.8325554423721,30
3744,Product B,Electronics,60,Supplier Y,14.59880043327822,1.403161482926478,89,SKU003,Warehouse A,Brand X,949.4875706784001,30
3745,Product C,Clothing,83,Supplier X,46.03069489751741,4.382827454608185,9,SKU002,Warehouse C,Brand Y,849.0256141725782,7
3746,Product C,Electronics,7,Supplier Y,45.75499538039314,3.586366735161039,1,SKU003,Warehouse B,Brand Z,339.7088430097602,7
3747,Product C,Clothing,40,Supplier Y,19.60340265261862,1.115261604214423,66,SKU002,Warehouse C,Brand Z,405.9625033380984,30
3748,Product C,Clothing,45,Supplier Z,21.71458847151485,3.859109461738492,47,SKU002,Warehouse C,Brand Y,429.0934597523019,30
3749,Product C,Clothing,59,Supplier Y,35.12485584119559,4.448139789027844,41,SKU001,Warehouse B,Brand X,629.9176583952695,15
3750,Product A,Home,88,Supplier Y,33.14979481994504,3.644484030648598,10,SKU002,Warehouse B,Brand Z,293.9277718966544,30
3751,Product C,Home,75,Supplier X,19.11485074804812,1.122096863740129,73,SKU001,Warehouse A,Brand Z,969.5566474342835,15
3752,Product C,Electronics,55,Supplier Y,20.71221257605017,4.431678193841626,11,SKU002,Warehouse A,Brand Z,612.597378397466,30
3753,Product A,Clothing,64,Supplier Y,17.40194717107695,3.92985565173614,13,SKU002,Warehouse A,Brand X,405.4076421537222,15
3754,Product A,Electronics,65,Supplier Z,11.76925034766539,2.513805249935937,29,SKU003,Warehouse C,Brand Z,648.5597173366516,15
3755,Product A,Clothing,54,Supplier X,22.90691814620698,2.314521033262011,59,SKU001,Warehouse B,Brand X,401.4509604244106,15
3756,Product A,Home,96,Supplier X,34.32170659512702,2.91928072562976,76,SKU003,Warehouse B,Brand Y,819.6177241696247,7
3757,Product A,Home,40,Supplier Z,37.09833526571465,4.468407003751484,29,SKU002,Warehouse A,Brand X,572.1625509462041,15
3758,Product A,Clothing,53,Supplier Y,38.94368241279813,2.00823740747823,37,SKU001,Warehouse C,Brand X,51.55079837200633,30
3759,Product C,Clothing,44,Supplier Z,18.73660067265607,1.403855244964805,74,SKU002,Warehouse C,Brand Y,184.9892987492262,30
3760,Product C,Home,63,Supplier X,38.23179971424868,4.4585454918442,64,SKU002,Warehouse B,Brand X,866.3440332992393,30
3761,Product B,Home,2,Supplier Z,0.3258157845937637,1.105159395522892,90,SKU003,Warehouse B,Brand Y,567.270828093222,7
3762,Product C,Electronics,79,Supplier X,23.85249688584411,4.643988088976258,46,SKU001,Warehouse B,Brand Z,950.840041748766,15
3763,Product C,Home,21,Supplier Z,39.69522000663454,2.222980777205603,38,SKU001,Warehouse B,Brand Y,81.69808973207795,7
3764,Product A,Clothing,88,Supplier Y,31.50223603206766,3.032890806753071,48,SKU001,Warehouse C,Brand Y,302.3080237851142,15
3765,Product A,Electronics,50,Supplier Y,23.70315620772539,1.529182099008912,72,SKU002,Warehouse A,Brand Z,201.6079395071769,30
3766,Product C,Clothing,81,Supplier X,32.23210033031746,4.609019877506741,57,SKU001,Warehouse B,Brand Z,558.3018893064489,15
3767,Product B,Electronics,52,Supplier Z,45.3473001574332,3.999344893537619,89,SKU002,Warehouse B,Brand X,388.9649027691103,7
3768,Product A,Clothing,9,Supplier X,28.31909003051037,4.696622346432137,88,SKU002,Warehouse B,Brand X,165.7007987356293,7
3769,Product C,Home,99,Supplier Y,39.98930957300531,3.73291620447265,16,SKU002,Warehouse C,Brand X,646.3243948199514,7
3770,Product C,Clothing,20,Supplier X,49.03713626125988,1.738775106969304,5,SKU001,Warehouse A,Brand Z,540.9353821392147,7
3771,Product B,Electronics,83,Supplier Y,35.27841010377833,2.233068011944997,14,SKU003,Warehouse C,Brand Z,281.988888783338,30
3772,Product B,Clothing,18,Supplier X,28.66628819445318,2.947394300413893,66,SKU002,Warehouse A,Brand Z,484.973644204554,7
3773,Product A,Electronics,84,Supplier Z,1.874297356267013,3.429032821440828,94,SKU003,Warehouse C,Brand X,748.2809318907775,7
3774,Product B,Clothing,30,Supplier Y,18.72389491272938,4.705837749345095,27,SKU001,Warehouse B,Brand Z,213.2189578051519,7
3775,Product C,Home,65,Supplier X,28.27213667575592,2.535805863156556,72,SKU001,Warehouse B,Brand Z,299.9766892347118,30
3776,Product C,Home,24,Supplier Y,39.86032858530162,3.812288087628584,43,SKU001,Warehouse A,Brand Y,352.649877223174,15
3777,Product B,Clothing,88,Supplier Z,21.90523948237881,4.844035395643287,17,SKU001,Warehouse C,Brand Y,749.2591728290213,30
3778,Product B,Clothing,47,Supplier Y,48.00291378823867,1.609496253661812,31,SKU001,Warehouse A,Brand Z,848.4533735553979,30
3779,Product B,Clothing,83,Supplier Z,13.58968763118374,4.450838355118193,82,SKU003,Warehouse C,Brand X,382.6246114771948,30
3780,Product B,Electronics,94,Supplier Y,37.22835976051582,2.682824281572795,68,SKU001,Warehouse B,Brand Y,303.6546532155791,15
3781,Product A,Clothing,90,Supplier Z,20.95157085420637,3.929687103717347,43,SKU001,Warehouse A,Brand Z,890.5522907681604,7
3782,Product B,Clothing,44,Supplier Y,24.29942472829529,2.174153354948335,69,SKU001,Warehouse A,Brand Y,999.371282870752,30
3783,Product A,Electronics,29,Supplier Z,40.12510169327201,2.335936873064006,62,SKU001,Warehouse B,Brand Y,673.6501032651811,7
3784,Product C,Home,77,Supplier X,14.81076308258528,1.108532899472265,75,SKU001,Warehouse B,Brand X,990.0808088392889,7
3785,Product B,Clothing,68,Supplier X,4.840602829757157,4.885616612667839,57,SKU002,Warehouse B,Brand Z,663.3666150238909,15
3786,Product A,Clothing,17,Supplier Y,26.01277923067136,4.253810300923138,46,SKU002,Warehouse B,Brand Z,736.1256692877466,15
3787,Product B,Home,97,Supplier Z,26.43973059018744,1.375671831704882,16,SKU003,Warehouse B,Brand X,394.7694415280785,30
3788,Product C,Home,5,Supplier X,39.85838861126869,4.998035182655098,38,SKU001,Warehouse B,Brand X,438.637871529063,15
3789,Product C,Electronics,92,Supplier Y,48.41596031160509,3.420098388811766,58,SKU003,Warehouse C,Brand X,152.6943073495012,15
3790,Product C,Clothing,88,Supplier X,2.765034316417419,4.414914551857532,6,SKU003,Warehouse C,Brand Z,824.522514617472,15
3791,Product B,Clothing,81,Supplier Z,29.58447368715544,1.266643053111476,62,SKU001,Warehouse A,Brand Y,931.7484405783281,7
3792,Product B,Electronics,50,Supplier Y,34.06392651573999,2.557804713967695,56,SKU001,Warehouse C,Brand Z,627.203752357171,15
3793,Product A,Home,40,Supplier Z,49.29006753742608,3.67860448921444,74,SKU002,Warehouse A,Brand Z,350.2108353609445,30
3794,Product C,Electronics,46,Supplier Z,47.12951071384558,1.425734874798806,33,SKU001,Warehouse C,Brand X,162.4761621206226,15
3795,Product B,Home,51,Supplier Z,35.62253823559887,2.955611354616003,52,SKU002,Warehouse C,Brand X,272.5046674082618,30
3796,Product C,Electronics,11,Supplier X,26.08947056222329,2.770711498176566,65,SKU003,Warehouse B,Brand X,262.8563166433248,30
3797,Product C,Home,12,Supplier Y,8.076196114963064,1.864160897894319,77,SKU003,Warehouse C,Brand Z,617.3926053219374,15
3798,Product A,Electronics,13,Supplier Z,19.20882776022087,2.201079343407209,81,SKU002,Warehouse C,Brand X,945.5870907099684,7
3799,Product A,Home,64,Supplier X,29.25611625285772,4.86847341797993,47,SKU002,Warehouse C,Brand X,57.78916808840165,30
3800,Product A,Home,8,Supplier Z,36.26001982978769,2.154593944039744,59,SKU001,Warehouse B,Brand Y,11.01207659850352,30
3801,Product A,Home,65,Supplier X,31.76997787395561,1.853704535873644,42,SKU002,Warehouse B,Brand Y,604.1801248711823,30
3802,Product C,Home,9,Supplier Y,35.70614009138706,3.144836684273334,72,SKU002,Warehouse C,Brand X,291.2198574589181,15
3803,Product A,Home,92,Supplier Y,21.45762522759489,3.683832136281191,3,SKU001,Warehouse A,Brand Y,881.7428589155674,30
3804,Product A,Clothing,2,Supplier Y,36.38136452855045,3.900372444278259,77,SKU003,Warehouse C,Brand Z,333.9778048267588,15
3805,Product A,Home,78,Supplier Y,7.18706280098596,4.016988737987665,74,SKU002,Warehouse B,Brand Y,296.8402245236004,30
3806,Product A,Clothing,13,Supplier Z,8.129315588155677,1.147329966059012,93,SKU001,Warehouse B,Brand X,276.8155150061143,7
3807,Product C,Home,2,Supplier X,8.141607291473141,2.575041601518253,90,SKU001,Warehouse A,Brand Z,153.4042989955617,30
3808,Product A,Clothing,68,Supplier Y,44.54324785178881,4.095832319132361,92,SKU002,Warehouse B,Brand Z,585.7151695343395,15
3809,Product C,Clothing,76,Supplier Z,3.801703165431725,4.619408407200518,51,SKU003,Warehouse B,Brand Y,176.5314663108679,15
3810,Product B,Electronics,48,Supplier Y,40.0754186366738,3.408800493331133,31,SKU001,Warehouse C,Brand X,430.3848481923879,30
3811,Product C,Home,74,Supplier Y,11.67854490233686,1.209227414038743,93,SKU002,Warehouse A,Brand X,466.3623317330924,15
3812,Product C,Electronics,3,Supplier Y,23.42149702476253,2.586583223420525,89,SKU003,Warehouse B,Brand Y,30.28712640919471,7
3813,Product A,Electronics,68,Supplier X,45.7978297732839,1.296908463473819,93,SKU002,Warehouse B,Brand Y,26.63920702293107,15
3814,Product B,Home,6,Supplier X,29.29686148437533,3.994151450738338,50,SKU001,Warehouse C,Brand Y,525.010561869261,30
3815,Product B,Electronics,87,Supplier X,10.50588431161793,1.254021877126661,9,SKU001,Warehouse C,Brand X,699.0743849068409,7
3816,Product B,Home,5,Supplier Y,14.20450301594036,1.742924266940709,11,SKU001,Warehouse C,Brand Y,942.7210574576006,15
3817,Product B,Electronics,3,Supplier Z,46.02233119478928,2.667833695859097,96,SKU002,Warehouse C,Brand Y,187.3280913153856,30
3818,Product C,Home,10,Supplier Z,21.35719625549892,2.850593468459488,97,SKU001,Warehouse A,Brand Y,112.2262213417217,15
3819,Product B,Home,43,Supplier Z,29.34927415033947,2.625926801260049,81,SKU002,Warehouse C,Brand X,61.56702785787942,30
3820,Product C,Home,19,Supplier Y,22.99660983126944,2.853586586424,38,SKU003,Warehouse A,Brand Z,441.6811670838208,15
3821,Product C,Clothing,14,Supplier X,18.92190440242248,3.852956608080799,79,SKU003,Warehouse B,Brand X,626.9158936625973,15
3822,Product C,Electronics,21,Supplier Z,11.1639563466201,2.477075291822166,67,SKU003,Warehouse B,Brand X,842.1478231837516,7
3823,Product B,Clothing,43,Supplier Y,34.30957502423011,3.191001836602477,9,SKU003,Warehouse C,Brand Z,685.8184334702,7
3824,Product A,Electronics,28,Supplier Y,35.91210131360602,2.213477030114929,91,SKU001,Warehouse C,Brand X,216.2771811841088,15
3825,Product A,Electronics,21,Supplier Z,13.74425458036997,2.414509980361931,81,SKU001,Warehouse C,Brand Z,467.1526627323162,30
3826,Product B,Electronics,36,Supplier Z,39.45054215274152,3.455195836168323,72,SKU002,Warehouse B,Brand Z,911.2428828455687,30
3827,Product A,Clothing,24,Supplier Y,42.72676001508398,2.96197860654808,85,SKU003,Warehouse B,Brand Z,333.4736518525975,15
3828,Product A,Electronics,54,Supplier Z,46.03375481198152,3.892145179437124,9,SKU003,Warehouse B,Brand Z,503.7430614410122,15
3829,Product C,Clothing,38,Supplier Y,8.060620695918496,3.242154352206999,22,SKU002,Warehouse A,Brand X,958.9796812972597,7
3830,Product C,Home,17,Supplier Z,15.19618418066332,4.214296341535491,76,SKU002,Warehouse B,Brand Z,737.3609255179607,15
3831,Product B,Electronics,22,Supplier X,43.01766737518478,2.773632851978866,87,SKU002,Warehouse C,Brand Y,750.2629817852751,15
3832,Product B,Electronics,83,Supplier Y,9.9270101413947,2.964134479467206,12,SKU002,Warehouse A,Brand Z,259.8106643690953,30
3833,Product A,Home,45,Supplier X,0.1734229621747685,3.679885395603758,47,SKU003,Warehouse A,Brand Z,420.5511371220769,7
3834,Product C,Home,74,Supplier Z,43.54136551258173,1.884975777648195,88,SKU001,Warehouse A,Brand X,91.51874146575449,7
3835,Product B,Electronics,61,Supplier Y,16.32247208756847,2.543718147725043,43,SKU003,Warehouse B,Brand Y,610.4606083800284,15
3836,Product B,Home,11,Supplier Z,20.7248762569475,3.499364976046831,92,SKU002,Warehouse B,Brand Z,112.6928628970692,7
3837,Product B,Clothing,61,Supplier Y,22.3167012860319,1.115505077062946,79,SKU001,Warehouse B,Brand Y,837.5504863838952,30
3838,Product B,Clothing,38,Supplier Z,42.41373003336142,2.747885734535767,63,SKU003,Warehouse B,Brand Z,816.4082491497968,15
3839,Product B,Electronics,66,Supplier X,16.89460722967302,3.395399745224467,39,SKU002,Warehouse C,Brand X,538.2690501110865,15
3840,Product B,Clothing,33,Supplier X,44.61399429282409,4.869502127912791,5,SKU001,Warehouse A,Brand Y,149.7543728650594,30
3841,Product A,Clothing,43,Supplier Z,30.8469569024024,4.508066246470685,71,SKU001,Warehouse A,Brand Y,35.32319336321648,7
3842,Product C,Electronics,31,Supplier X,26.36433620168421,2.122967811770633,97,SKU002,Warehouse A,Brand X,798.7415808671467,7
3843,Product C,Home,35,Supplier X,16.28072535637312,3.028840416115699,81,SKU001,Warehouse A,Brand X,604.1390783812926,30
3844,Product B,Electronics,37,Supplier Z,12.18558481405929,1.225657490640365,42,SKU003,Warehouse A,Brand X,713.8203403804046,30
3845,Product C,Clothing,47,Supplier Y,31.20292213886743,1.963017659271229,31,SKU003,Warehouse C,Brand X,310.7690544790039,30
3846,Product C,Electronics,23,Supplier Z,22.34470800282881,4.099423472272361,48,SKU003,Warehouse C,Brand Y,514.3879104654754,30
3847,Product C,Electronics,36,Supplier Y,45.52580049660032,1.493256049101378,73,SKU001,Warehouse A,Brand X,749.7024288342539,7
3848,Product B,Clothing,40,Supplier X,24.58193580570249,2.030762099335826,97,SKU001,Warehouse A,Brand Y,467.9376752306616,7
3849,Product B,Clothing,90,Supplier X,25.58974583505956,4.776170006943232,86,SKU002,Warehouse B,Brand Z,605.3703805410436,30
3850,Product C,Electronics,89,Supplier X,20.83616405680004,4.295423201969832,18,SKU002,Warehouse A,Brand Z,791.8309791898827,30
3851,Product C,Clothing,81,Supplier X,39.46314984956425,4.127310850595649,83,SKU001,Warehouse C,Brand X,223.0684388137151,15
3852,Product B,Clothing,15,Supplier X,21.24195990546352,4.458229961208627,51,SKU003,Warehouse B,Brand X,75.2696004639075,15
3853,Product A,Clothing,37,Supplier Y,13.46709998748775,3.998422746329416,51,SKU001,Warehouse C,Brand Y,536.5052757026971,7
3854,Product C,Clothing,4,Supplier Y,43.10154371467549,1.48234486447294,33,SKU003,Warehouse B,Brand Y,71.50451301289478,15
3855,Product A,Clothing,22,Supplier Y,29.84141106826201,3.066245305940925,58,SKU002,Warehouse B,Brand Z,768.8917214230858,15
3856,Product C,Clothing,81,Supplier Z,29.57551098845009,2.776975683209288,80,SKU001,Warehouse A,Brand Y,722.0193331574508,15
3857,Product A,Home,22,Supplier X,30.54111035819633,2.24460631308152,4,SKU001,Warehouse C,Brand X,882.895544750644,7
3858,Product A,Electronics,81,Supplier X,35.94198741028334,4.336161638878422,65,SKU001,Warehouse C,Brand Z,643.166477053621,15
3859,Product A,Clothing,78,Supplier X,15.65339946562834,2.856556809496935,40,SKU003,Warehouse A,Brand Z,76.52559504485002,30
3860,Product B,Electronics,78,Supplier Z,1.692218541650142,1.241190405430199,33,SKU002,Warehouse B,Brand X,260.6206042347212,7
3861,Product A,Home,17,Supplier Z,40.52965804385048,2.099862334881073,53,SKU003,Warehouse B,Brand Y,809.8525261170921,15
3862,Product A,Clothing,72,Supplier Z,6.445252694081871,1.91448423211778,19,SKU002,Warehouse C,Brand X,175.4610931404519,7
3863,Product A,Electronics,98,Supplier X,36.09098686052721,4.549915539245134,53,SKU003,Warehouse A,Brand Y,701.4956631367385,15
3864,Product C,Clothing,90,Supplier Y,4.115764914366437,3.589752402555999,65,SKU002,Warehouse A,Brand Z,782.4567376112732,7
3865,Product A,Clothing,94,Supplier Z,18.76539210142461,3.2415050635283,91,SKU003,Warehouse C,Brand X,336.8106798766887,30
3866,Product C,Clothing,86,Supplier Z,3.151303491576912,3.02659696671482,17,SKU001,Warehouse B,Brand Z,329.0744986688794,15
3867,Product A,Clothing,80,Supplier Y,26.11068398138623,3.600452110165862,43,SKU003,Warehouse B,Brand Z,562.2246543970555,15
3868,Product A,Clothing,94,Supplier Z,32.65678863907875,4.019502187108499,47,SKU001,Warehouse A,Brand X,862.6734694272161,7
3869,Product B,Clothing,80,Supplier Y,8.571657058909416,3.21753882332604,34,SKU001,Warehouse B,Brand Z,231.6671398943457,30
3870,Product C,Clothing,38,Supplier X,18.5813809219201,4.753141660610442,78,SKU001,Warehouse B,Brand Y,941.8456140819786,15
3871,Product A,Home,24,Supplier Y,46.51197455215268,4.907336682601539,38,SKU003,Warehouse B,Brand X,603.1274979719071,30
3872,Product C,Home,99,Supplier Y,22.11945585537284,4.981369266435292,2,SKU001,Warehouse C,Brand Y,992.2052066387535,15
3873,Product C,Clothing,6,Supplier X,40.12717844882783,3.677564440354579,18,SKU003,Warehouse A,Brand Y,98.71758675536941,30
3874,Product B,Clothing,68,Supplier Z,46.35923725301046,4.730481867023514,86,SKU002,Warehouse C,Brand Y,135.2965151416915,15
3875,Product B,Home,82,Supplier X,48.71729124886433,2.617918781231819,82,SKU003,Warehouse C,Brand X,828.375385676348,7
3876,Product B,Home,6,Supplier Z,44.91610098456847,4.438369564989541,17,SKU003,Warehouse B,Brand Y,866.1083366478108,7
3877,Product B,Home,26,Supplier Z,15.87026645794846,4.636697194958724,93,SKU003,Warehouse A,Brand X,451.0041014872246,30
3878,Product B,Clothing,91,Supplier Y,48.12864430805965,4.616561889329102,82,SKU002,Warehouse B,Brand Y,716.9304643809116,15
3879,Product B,Electronics,41,Supplier X,40.61976208730235,4.323385131633526,4,SKU002,Warehouse A,Brand X,868.8817145710831,15
3880,Product B,Electronics,75,Supplier Y,41.85877918197438,2.626396646565002,54,SKU002,Warehouse B,Brand Y,52.69651033664039,30
3881,Product B,Electronics,38,Supplier X,0.7586492085917385,1.635629927922937,12,SKU001,Warehouse A,Brand Z,578.210918763326,15
3882,Product A,Electronics,80,Supplier X,47.71194316591468,2.335825425377783,33,SKU003,Warehouse A,Brand Y,854.9458598612247,7
3883,Product C,Clothing,83,Supplier Y,38.90451119243703,4.069154277192371,87,SKU003,Warehouse B,Brand Z,404.1733951389272,15
3884,Product B,Electronics,43,Supplier Z,38.398374825395,1.931542045319901,17,SKU001,Warehouse B,Brand Z,309.3597700513026,7
3885,Product B,Home,53,Supplier Z,4.076236546429312,2.91308825930389,67,SKU001,Warehouse C,Brand Y,797.7496182438891,30
3886,Product C,Home,15,Supplier X,11.62842705366656,3.261598071938688,99,SKU003,Warehouse C,Brand Y,342.4287176678078,15
3887,Product A,Electronics,90,Supplier Z,48.11308325689495,3.415434249751501,71,SKU001,Warehouse A,Brand Z,13.14255520265818,30
3888,Product C,Home,56,Supplier Y,25.03385374027382,4.742902193515194,42,SKU001,Warehouse B,Brand X,959.9768617527751,7
3889,Product C,Clothing,56,Supplier Y,19.8929009118628,3.64597208165727,64,SKU002,Warehouse B,Brand Y,596.2020039875083,30
3890,Product B,Electronics,31,Supplier Y,41.99704085734569,4.145195264309208,40,SKU001,Warehouse C,Brand Z,821.3227395229704,30
3891,Product C,Electronics,83,Supplier X,4.367020705697216,3.327513391566534,37,SKU001,Warehouse B,Brand X,827.0485467192874,15
3892,Product C,Clothing,57,Supplier X,20.84710081355297,4.334321275447853,99,SKU003,Warehouse A,Brand Y,75.74631616900548,30
3893,Product B,Home,51,Supplier Z,18.78503872110418,2.054654452279051,37,SKU001,Warehouse A,Brand X,179.1515973926001,30
3894,Product B,Clothing,24,Supplier Y,17.49256935151964,1.839510686675157,12,SKU001,Warehouse A,Brand Z,318.0094739520509,15
3895,Product B,Clothing,58,Supplier Y,15.38461218265366,4.705280195031879,21,SKU001,Warehouse C,Brand Y,327.4922921909096,30
3896,Product B,Home,73,Supplier X,10.5037478395039,3.773923505429514,28,SKU002,Warehouse A,Brand X,662.1982565041037,7
3897,Product C,Clothing,87,Supplier X,8.64554014952611,3.686102308232885,8,SKU003,Warehouse C,Brand Y,626.9015915451579,15
3898,Product C,Home,4,Supplier X,32.02030584598371,2.8691809545138,90,SKU002,Warehouse C,Brand X,499.6438802297156,7
3899,Product A,Home,10,Supplier Y,45.96974206043392,2.506789037174042,67,SKU001,Warehouse A,Brand X,219.1510949856803,15
3900,Product A,Clothing,63,Supplier Y,25.44258226249407,3.222764777914555,16,SKU003,Warehouse C,Brand Y,388.1636349934004,30
3901,Product C,Home,73,Supplier Z,14.89872761733221,1.482265397686668,36,SKU003,Warehouse C,Brand Y,548.1580287805178,7
3902,Product A,Clothing,83,Supplier Y,7.958009886111316,2.818850244332431,63,SKU001,Warehouse A,Brand Y,473.3055124429025,7
3903,Product C,Home,15,Supplier Z,41.50716825262971,2.821470817861924,66,SKU002,Warehouse A,Brand Z,136.0196077641276,7
3904,Product A,Electronics,98,Supplier Z,48.57460282366069,3.153346051777061,3,SKU001,Warehouse C,Brand Y,653.0153885669046,30
3905,Product B,Home,63,Supplier Y,17.45777007339259,3.538742457468809,39,SKU002,Warehouse C,Brand X,82.32125904255395,7
3906,Product A,Home,19,Supplier Z,14.54752127760645,4.829273463941449,15,SKU001,Warehouse B,Brand Y,384.4127362502695,7
3907,Product B,Clothing,63,Supplier Z,30.07464764874707,3.608676508367028,10,SKU003,Warehouse A,Brand Z,712.9290541984768,30
3908,Product B,Home,56,Supplier X,38.76644904767129,4.534900607813646,90,SKU003,Warehouse B,Brand Z,29.82329917450944,30
3909,Product B,Electronics,21,Supplier Y,22.77014017748322,3.225215445876655,25,SKU002,Warehouse C,Brand Y,574.282990854863,30
3910,Product B,Electronics,34,Supplier Z,31.50365749304746,3.507711530509959,94,SKU001,Warehouse B,Brand X,341.1757644018643,7
3911,Product A,Home,17,Supplier Z,35.8274534011646,1.279347812438278,97,SKU002,Warehouse C,Brand Z,18.74352498850712,7
3912,Product C,Home,18,Supplier Z,48.02961439280896,1.533054891537662,71,SKU003,Warehouse B,Brand X,198.4794383503621,7
3913,Product B,Electronics,81,Supplier Y,8.25186652600417,3.318681740790158,64,SKU003,Warehouse C,Brand Z,941.5367313379479,15
3914,Product A,Clothing,66,Supplier X,49.86912469126847,2.582851479832117,1,SKU002,Warehouse C,Brand Z,525.9374164500394,7
3915,Product B,Electronics,51,Supplier X,19.60783276206144,4.195242079462007,90,SKU002,Warehouse C,Brand X,997.2549325828404,7
3916,Product A,Electronics,65,Supplier Y,36.16000713632769,3.172711499496704,44,SKU002,Warehouse A,Brand X,529.5685828610938,15
3917,Product A,Home,43,Supplier Y,28.62071889864986,4.529164155805351,42,SKU002,Warehouse C,Brand Z,548.4970481673655,15
3918,Product A,Home,57,Supplier Y,24.33343085044201,4.889326713849165,2,SKU002,Warehouse A,Brand X,397.9245828035239,7
3919,Product C,Electronics,10,Supplier Y,34.90376843657933,1.59054074048594,33,SKU001,Warehouse C,Brand Y,316.9400145441002,15
3920,Product A,Clothing,37,Supplier X,19.78769251117976,2.579311006622506,79,SKU002,Warehouse B,Brand Y,259.0300976016154,7
3921,Product A,Electronics,48,Supplier Z,6.30549906684032,3.659924100952123,64,SKU002,Warehouse C,Brand Z,349.9864099693671,30
3922,Product C,Electronics,69,Supplier Z,24.44466915606199,2.221955021601399,63,SKU003,Warehouse C,Brand Y,465.2525700914278,30
3923,Product C,Clothing,56,Supplier Y,26.09579353411593,2.068129350885981,6,SKU003,Warehouse B,Brand Z,200.0720307284822,30
3924,Product A,Electronics,76,Supplier Y,10.09510766999696,4.254954242515346,34,SKU001,Warehouse C,Brand X,232.6263408876389,30
3925,Product C,Electronics,36,Supplier Z,46.78096781643286,4.921513876234972,21,SKU002,Warehouse C,Brand X,278.8293209817547,15
3926,Product B,Home,31,Supplier X,11.37378233231456,4.095213324989926,47,SKU002,Warehouse C,Brand Y,454.7672930115307,7
3927,Product B,Clothing,55,Supplier Y,20.46137970420488,3.094706491216454,31,SKU003,Warehouse B,Brand X,656.2852331461006,15
3928,Product C,Home,38,Supplier Y,7.746484342236165,2.770044927781259,25,SKU003,Warehouse C,Brand Y,857.5846887834244,30
3929,Product C,Home,73,Supplier X,26.7898323093472,3.15859088212146,5,SKU003,Warehouse A,Brand Z,294.2605188152719,30
3930,Product A,Clothing,90,Supplier X,15.38188040500448,2.851358808750943,45,SKU002,Warehouse A,Brand Y,191.891056938023,7
3931,Product C,Clothing,15,Supplier X,24.4636259988042,3.011552227142672,54,SKU002,Warehouse A,Brand Y,385.0589902020494,15
3932,Product A,Electronics,16,Supplier Y,11.2308458229101,1.813812202116911,74,SKU001,Warehouse A,Brand X,895.4392456081372,30
3933,Product B,Home,77,Supplier X,2.688756397435788,4.614967797237311,94,SKU003,Warehouse B,Brand X,19.76212105376807,15
3934,Product C,Clothing,89,Supplier Y,38.96133255411277,4.018140006093073,54,SKU003,Warehouse C,Brand X,681.089929897168,7
3935,Product A,Home,94,Supplier Y,32.05431419798292,3.72390969077288,84,SKU003,Warehouse A,Brand Y,482.3884459474657,7
3936,Product A,Home,53,Supplier X,17.03696778555064,4.799699883897892,56,SKU003,Warehouse C,Brand X,169.4357528110733,15
3937,Product B,Clothing,56,Supplier Z,2.374711234116111,2.137577327651352,85,SKU003,Warehouse C,Brand Z,327.811311011722,7
3938,Product C,Electronics,7,Supplier X,43.27875313485605,1.324637643574457,62,SKU002,Warehouse B,Brand Y,232.7005434382635,15
3939,Product B,Home,57,Supplier Z,8.489750246783967,4.304554641421326,0,SKU002,Warehouse C,Brand Y,879.0538462112211,15
3940,Product A,Clothing,55,Supplier X,46.5371109140714,4.993667854597019,20,SKU003,Warehouse A,Brand Y,487.0546501055404,15
3941,Product A,Electronics,52,Supplier X,23.92976892979792,3.313729752080798,19,SKU003,Warehouse A,Brand Z,567.4633350937678,30
3942,Product C,Home,4,Supplier Y,17.01933549542419,1.235237551650727,72,SKU002,Warehouse B,Brand Z,597.7507431436504,30
3943,Product A,Clothing,43,Supplier Y,37.08797384454819,4.121872160619764,90,SKU002,Warehouse A,Brand X,643.2209533563325,15
3944,Product C,Home,40,Supplier Y,43.84197030375929,1.294996195383366,28,SKU001,Warehouse A,Brand X,500.6001334721706,7
3945,Product B,Clothing,30,Supplier Y,18.53567818228554,3.160055945037125,42,SKU002,Warehouse B,Brand Y,27.69479552795266,7
3946,Product C,Clothing,10,Supplier Y,20.36718760850936,2.110129896842108,96,SKU001,Warehouse B,Brand X,341.3754600455054,30
3947,Product C,Home,94,Supplier Y,21.65791096735987,4.660107122369581,44,SKU003,Warehouse A,Brand Z,192.0345083137813,15
3948,Product A,Home,7,Supplier Y,46.11615307393345,2.80532485303794,64,SKU003,Warehouse B,Brand X,683.3414144825601,30
3949,Product A,Clothing,36,Supplier Z,34.62819957571664,4.593853393914213,2,SKU003,Warehouse B,Brand X,66.13760485634619,15
3950,Product C,Electronics,35,Supplier Z,12.38230585228278,2.19632434101827,95,SKU002,Warehouse A,Brand Y,568.1653572005278,7
3951,Product A,Home,88,Supplier Y,9.24998487509897,2.549450335285405,19,SKU002,Warehouse A,Brand Z,218.5254050515579,7
3952,Product A,Clothing,39,Supplier Z,11.5183831712408,4.788476752988322,80,SKU003,Warehouse B,Brand Z,949.3573800823906,30
3953,Product A,Clothing,36,Supplier X,13.17819445927587,1.805257803726541,36,SKU003,Warehouse C,Brand Z,342.1855327646701,7
3954,Product C,Electronics,20,Supplier Z,11.50917456670008,3.314004606604581,37,SKU001,Warehouse C,Brand X,331.9689794608879,15
3955,Product A,Electronics,49,Supplier Y,32.92532235961981,2.554041314240445,73,SKU002,Warehouse A,Brand Z,924.1508213108165,7
3956,Product C,Electronics,96,Supplier Z,5.796675532875318,4.096667540274909,44,SKU002,Warehouse A,Brand X,423.1744411010999,7
3957,Product A,Home,59,Supplier X,19.36792448539804,1.51718548468543,92,SKU001,Warehouse C,Brand Y,963.2337108438848,30
3958,Product B,Clothing,49,Supplier Z,31.25267864851832,2.748859876018674,41,SKU003,Warehouse B,Brand Z,33.92864861216846,15
3959,Product A,Clothing,90,Supplier Y,14.54299869714654,3.795730507381053,45,SKU003,Warehouse C,Brand Y,313.2811294501249,30
3960,Product A,Clothing,26,Supplier X,3.263719235082902,2.628064940024639,59,SKU002,Warehouse C,Brand X,669.5310306637668,30
3961,Product C,Electronics,36,Supplier X,4.091196142298415,1.234126957101507,95,SKU002,Warehouse A,Brand Z,891.9483948823621,7
3962,Product C,Clothing,43,Supplier Z,6.298338815234317,3.820449045341376,12,SKU003,Warehouse B,Brand X,263.8415370782011,15
3963,Product A,Home,99,Supplier X,41.79215124340776,3.012793310739932,30,SKU001,Warehouse C,Brand Z,931.1728160440315,15
3964,Product B,Electronics,43,Supplier X,32.89317528024849,1.045234746720402,67,SKU001,Warehouse B,Brand X,598.1802518341963,30
3965,Product A,Electronics,99,Supplier X,3.226120554882239,3.450623580913492,61,SKU001,Warehouse A,Brand X,802.9981607659369,30
3966,Product A,Electronics,76,Supplier Y,19.55344395757099,4.679524090115146,48,SKU002,Warehouse C,Brand X,403.2352312638283,7
3967,Product B,Electronics,33,Supplier X,13.92925864235328,1.444103792846756,17,SKU001,Warehouse A,Brand Y,220.0585787412046,15
3968,Product C,Home,78,Supplier Z,28.90200558144001,3.362684940036676,74,SKU002,Warehouse C,Brand Z,912.1230612932162,15
3969,Product A,Clothing,97,Supplier Z,26.14029748361567,3.914675527050521,52,SKU002,Warehouse B,Brand X,933.8045097221565,7
3970,Product C,Home,45,Supplier X,24.05620116848575,1.283094680561222,17,SKU003,Warehouse A,Brand Z,502.5993927125941,30
3971,Product C,Clothing,45,Supplier Z,15.72561851863066,1.090461832656745,50,SKU003,Warehouse B,Brand X,16.43006583926394,15
3972,Product B,Home,88,Supplier X,6.889988602199537,2.856783466579789,40,SKU001,Warehouse C,Brand Z,118.6851241337004,7
3973,Product B,Electronics,15,Supplier Z,37.1188191436319,4.164746748937455,96,SKU001,Warehouse A,Brand X,577.2976806294046,30
3974,Product C,Electronics,95,Supplier X,43.99283844213272,1.642877640397313,66,SKU002,Warehouse B,Brand X,33.53893527886736,7
3975,Product A,Home,17,Supplier X,47.20754546164086,4.346549088859692,64,SKU003,Warehouse B,Brand Y,402.9428047468283,15
3976,Product C,Home,12,Supplier X,2.930948530679023,3.626309021694385,82,SKU003,Warehouse C,Brand Z,310.3362461162924,30
3977,Product A,Clothing,22,Supplier Y,36.99543557944415,2.328693151153943,5,SKU002,Warehouse A,Brand Y,717.2047926481827,7
3978,Product A,Home,23,Supplier Z,36.32517297034813,3.063303193969798,73,SKU001,Warehouse B,Brand X,65.02288621845594,7
3979,Product B,Home,90,Supplier X,47.35548070727946,4.862299918906954,36,SKU001,Warehouse A,Brand Y,493.8439562875146,7
3980,Product A,Clothing,78,Supplier Y,12.64572972488827,1.865747882529355,11,SKU002,Warehouse A,Brand Y,583.3231271768493,15
3981,Product A,Clothing,12,Supplier Y,37.10895191475782,2.998141590976161,80,SKU003,Warehouse A,Brand Y,621.1181652920915,15
3982,Product C,Clothing,68,Supplier X,2.731314438324228,3.497946224430483,90,SKU002,Warehouse A,Brand Y,411.1060952967715,15
3983,Product B,Home,51,Supplier X,31.56228603808096,1.552058421902665,1,SKU002,Warehouse C,Brand Z,311.3241055952554,7
3984,Product A,Clothing,13,Supplier X,17.54239120260899,1.174088354493239,52,SKU001,Warehouse B,Brand Y,685.6681033997772,15
3985,Product A,Electronics,57,Supplier X,38.44547197737376,1.053839811725885,24,SKU003,Warehouse A,Brand X,849.0933576214701,7
3986,Product B,Electronics,55,Supplier X,43.16521432176967,2.298771426400065,27,SKU001,Warehouse B,Brand X,696.68146140505,7
3987,Product C,Electronics,82,Supplier Z,18.24105211087581,1.295789177939461,44,SKU001,Warehouse B,Brand Y,932.7813418026494,7
3988,Product B,Home,28,Supplier X,26.27930463496503,4.215079810164458,36,SKU003,Warehouse B,Brand Y,720.0908901043479,30
3989,Product B,Electronics,44,Supplier X,5.870203118179996,4.989278108646984,16,SKU001,Warehouse C,Brand Y,766.9725466734822,7
3990,Product A,Home,19,Supplier Z,20.84534826117383,1.245215286937856,68,SKU002,Warehouse A,Brand X,176.224164636068,15
3991,Product A,Home,46,Supplier Y,18.04001966295846,2.730905103733758,55,SKU002,Warehouse A,Brand Y,425.3442480814447,7
3992,Product C,Electronics,3,Supplier Z,9.156172989225887,1.102928491930299,57,SKU003,Warehouse B,Brand Z,490.2047776464055,15
3993,Product A,Clothing,83,Supplier Y,44.72393123833879,1.535963563029053,82,SKU002,Warehouse B,Brand Y,263.7302306716616,30
3994,Product A,Home,20,Supplier Y,7.404391902008012,2.291690243642696,3,SKU002,Warehouse C,Brand Z,533.254461752725,30
3995,Product B,Electronics,25,Supplier Z,31.78696787650936,2.574792852230599,54,SKU002,Warehouse C,Brand Y,297.884024779629,7
3996,Product A,Home,75,Supplier X,44.50713217399439,4.75913178571456,48,SKU002,Warehouse B,Brand X,690.6270718763718,15
3997,Product C,Clothing,56,Supplier Y,45.59842899316128,2.583347235027583,37,SKU001,Warehouse A,Brand X,475.5855919361441,30
3998,Product B,Clothing,81,Supplier X,39.66198499202842,2.985110636229609,44,SKU002,Warehouse C,Brand Y,464.2188847263453,30
3999,Product C,Electronics,61,Supplier Z,8.807056693708832,1.982333473095466,29,SKU003,Warehouse A,Brand Z,983.8061057224836,30
4000,Product B,Home,55,Supplier Y,40.87157046069348,1.000500555026302,95,SKU001,Warehouse C,Brand X,398.5204000571447,15
4001,Product A,Home,35,Supplier X,13.82824062078123,4.597337826932541,36,SKU002,Warehouse A,Brand X,368.6724782636726,7
4002,Product B,Home,78,Supplier Y,46.11990137162545,1.326859028145219,55,SKU002,Warehouse B,Brand X,325.4183275698279,7
4003,Product B,Home,59,Supplier Y,35.45433407119248,4.856995364144916,26,SKU003,Warehouse C,Brand Y,895.8017287660401,30
4004,Product A,Electronics,39,Supplier Z,39.26337805044432,1.523376416401041,31,SKU001,Warehouse B,Brand Y,501.7565878371964,7
4005,Product A,Clothing,57,Supplier X,4.251622675096861,3.419513923001761,10,SKU002,Warehouse C,Brand Y,604.0143327058291,30
4006,Product C,Electronics,83,Supplier X,29.13825567217722,4.997642351426547,57,SKU003,Warehouse B,Brand Z,189.0102942123711,15
4007,Product C,Home,67,Supplier Y,41.05710634493398,1.553858384278703,76,SKU001,Warehouse C,Brand Y,545.5329364048777,7
4008,Product A,Home,34,Supplier X,43.07951763862496,2.695772339759297,34,SKU001,Warehouse C,Brand Z,281.9017109398034,15
4009,Product A,Clothing,41,Supplier Y,1.431585236682076,4.121694675885906,16,SKU002,Warehouse C,Brand Y,733.3305520502487,7
4010,Product A,Home,22,Supplier Z,46.95796162775596,1.128760599399873,29,SKU003,Warehouse A,Brand Z,834.2030653044583,15
4011,Product B,Electronics,27,Supplier Z,2.166936665123986,3.759131004560178,17,SKU003,Warehouse A,Brand Z,717.6625852099648,15
4012,Product B,Electronics,21,Supplier X,30.72593398374249,1.321493351563198,29,SKU002,Warehouse C,Brand Y,732.9417246075548,7
4013,Product B,Clothing,41,Supplier Z,34.66937638076561,1.946080569092905,89,SKU002,Warehouse B,Brand Z,517.3499570783218,30
4014,Product A,Electronics,31,Supplier Z,5.36726455839549,1.640304649973442,15,SKU002,Warehouse B,Brand X,714.996875770794,30
4015,Product C,Electronics,27,Supplier X,2.400593280459634,4.629345726587745,74,SKU003,Warehouse C,Brand X,428.4600661530787,15
4016,Product A,Electronics,37,Supplier Y,39.24560772253646,1.721826867126723,53,SKU001,Warehouse A,Brand Y,654.9742619943169,15
4017,Product B,Electronics,66,Supplier Z,19.2335312398717,1.161736382060629,3,SKU002,Warehouse A,Brand X,266.4488180193095,30
4018,Product B,Home,54,Supplier X,5.355625765756184,3.350502713791049,14,SKU002,Warehouse A,Brand Y,79.05944218889005,7
4019,Product A,Electronics,9,Supplier X,38.1333908193821,2.384723701638808,75,SKU001,Warehouse A,Brand Z,419.3385314807488,7
4020,Product A,Clothing,83,Supplier X,42.45815350718103,2.622824882565466,26,SKU001,Warehouse B,Brand X,467.160374222685,15
4021,Product B,Clothing,42,Supplier Z,29.36930953794037,1.476250979450188,3,SKU003,Warehouse C,Brand Z,263.8430866068031,7
4022,Product B,Electronics,36,Supplier Z,8.061840421732281,3.992937965732778,34,SKU002,Warehouse C,Brand Y,730.4324232231653,15
4023,Product B,Clothing,10,Supplier Y,0.7611235745745404,3.406214598574072,84,SKU003,Warehouse C,Brand Y,82.81497418651641,7
4024,Product A,Electronics,59,Supplier Y,35.0401240650972,2.45686817899312,62,SKU001,Warehouse B,Brand Z,230.5208411353967,15
4025,Product B,Clothing,40,Supplier Y,27.50698374126584,1.686299775052544,99,SKU002,Warehouse A,Brand Y,751.0790712690906,7
4026,Product B,Clothing,54,Supplier Y,32.53985708600398,3.373806956682242,65,SKU003,Warehouse A,Brand X,442.7530310026123,15
4027,Product C,Electronics,39,Supplier Y,40.65923350997979,4.114389118029509,38,SKU003,Warehouse B,Brand Y,708.2307877989193,30
4028,Product A,Electronics,7,Supplier Y,21.71138884964861,2.24958913546878,27,SKU001,Warehouse B,Brand X,571.8110190057603,30
4029,Product C,Home,4,Supplier X,6.225773441681021,1.103441534154388,33,SKU002,Warehouse C,Brand Y,951.2056224973888,30
4030,Product C,Electronics,15,Supplier Y,46.99916426954132,1.857375939011936,32,SKU003,Warehouse C,Brand X,601.8178743956047,30
4031,Product B,Electronics,76,Supplier Z,27.26310636234286,3.729591275571317,49,SKU003,Warehouse B,Brand Y,24.72028460206451,15
4032,Product A,Home,48,Supplier Y,30.76470595442701,4.95638550982769,59,SKU001,Warehouse B,Brand Y,359.3485769992907,7
4033,Product B,Electronics,6,Supplier Z,46.67057147758756,1.053504957635106,71,SKU002,Warehouse B,Brand Z,151.6300753826606,15
4034,Product A,Electronics,73,Supplier Y,46.57918281551315,2.224614248528403,71,SKU001,Warehouse A,Brand Z,925.3873408217262,15
4035,Product C,Home,35,Supplier X,28.60473033640868,1.248083481795355,41,SKU003,Warehouse C,Brand X,112.9723297422295,15
4036,Product A,Electronics,72,Supplier X,14.8805712360713,2.265397151052129,85,SKU002,Warehouse B,Brand Z,393.8295964997766,7
4037,Product B,Electronics,71,Supplier Z,49.85568170063696,2.623657372509685,90,SKU001,Warehouse B,Brand Z,233.8382016904253,15
4038,Product B,Home,68,Supplier Y,34.0408544976768,4.68344836778502,27,SKU002,Warehouse A,Brand X,848.254770492766,30
4039,Product B,Home,58,Supplier X,20.42183384460283,1.322243197619915,74,SKU002,Warehouse B,Brand Z,315.4808326130278,30
4040,Product A,Clothing,77,Supplier X,27.99184014267949,4.10853621226308,26,SKU002,Warehouse C,Brand X,991.9745483112185,15
4041,Product C,Electronics,19,Supplier Y,20.79170251340148,2.582137584251853,0,SKU003,Warehouse A,Brand X,48.23043955612838,30
4042,Product C,Clothing,62,Supplier Z,44.41525761483237,4.245051398667711,91,SKU002,Warehouse B,Brand X,136.9940047379402,30
4043,Product A,Clothing,71,Supplier Z,24.1249687432873,3.053608741302485,90,SKU001,Warehouse C,Brand X,232.392388664818,7
4044,Product B,Home,10,Supplier Z,41.17641879906236,1.15712815537364,7,SKU002,Warehouse C,Brand Y,812.9949797981578,15
4045,Product C,Electronics,25,Supplier X,42.00881489115019,4.784823538859355,45,SKU002,Warehouse A,Brand Y,879.7320369733756,15
4046,Product B,Electronics,44,Supplier Y,41.21661688676242,1.330936253738087,23,SKU003,Warehouse C,Brand X,80.73686680332813,30
4047,Product A,Home,99,Supplier X,36.10943062378372,3.390734010135025,39,SKU001,Warehouse A,Brand Z,42.13554034465364,15
4048,Product B,Clothing,58,Supplier X,42.74388584037909,4.510671051734063,50,SKU002,Warehouse C,Brand X,747.1112885335335,15
4049,Product C,Home,25,Supplier X,19.36147898114846,1.319079191000776,99,SKU003,Warehouse B,Brand X,142.0184866860773,30
4050,Product C,Electronics,93,Supplier X,5.733160307098018,3.215573553664052,23,SKU003,Warehouse A,Brand Z,141.6686012038928,30
4051,Product B,Home,76,Supplier Y,42.12271021862573,4.297159502097809,21,SKU002,Warehouse C,Brand X,32.14286914948498,15
4052,Product A,Electronics,40,Supplier X,24.90842078436726,4.945298834583183,73,SKU002,Warehouse A,Brand Y,59.30979880758765,7
4053,Product B,Clothing,76,Supplier X,6.368801626392551,3.897309603256085,67,SKU002,Warehouse C,Brand X,271.0387040095342,30
4054,Product A,Electronics,70,Supplier Z,5.765626109100397,2.113337501853175,7,SKU003,Warehouse A,Brand Y,74.35543451669824,15
4055,Product B,Clothing,10,Supplier X,7.962119700494635,3.798281319381638,57,SKU002,Warehouse B,Brand Z,375.1903007426828,30
4056,Product C,Clothing,66,Supplier Y,37.54866298335529,3.823067077230557,14,SKU003,Warehouse A,Brand Z,834.4472809150756,15
4057,Product A,Electronics,25,Supplier X,35.54283367331406,3.79986404841847,7,SKU001,Warehouse A,Brand Z,333.0570547483767,15
4058,Product A,Electronics,71,Supplier Y,10.19093400924416,4.417041748372423,92,SKU002,Warehouse B,Brand Y,730.555820953578,7
4059,Product A,Clothing,87,Supplier Y,42.34617090548976,1.349520250077964,41,SKU001,Warehouse C,Brand X,102.9708651827198,30
4060,Product C,Home,11,Supplier Y,14.06473977641224,1.433679381661733,38,SKU001,Warehouse B,Brand Z,662.7814355452979,7
4061,Product B,Electronics,36,Supplier Z,39.64927916574737,3.562468496902232,34,SKU001,Warehouse A,Brand Z,323.5797114248606,30
4062,Product C,Clothing,49,Supplier Z,24.4402953867471,4.815524384392751,40,SKU003,Warehouse B,Brand Z,752.2553499100677,7
4063,Product A,Clothing,48,Supplier X,36.5774341269283,2.863354555676984,47,SKU003,Warehouse B,Brand X,144.8894939158181,30
4064,Product B,Home,87,Supplier X,19.06938315367829,4.842250806502701,77,SKU003,Warehouse A,Brand X,898.9045439868371,7
4065,Product C,Electronics,7,Supplier X,17.3570298547388,4.752341038064616,95,SKU003,Warehouse A,Brand Y,250.1514308689572,7
4066,Product A,Clothing,91,Supplier Y,42.06797994796661,4.611638952937279,70,SKU001,Warehouse B,Brand Y,359.6064153483647,30
4067,Product A,Home,77,Supplier Y,1.765112725703483,4.639403899456341,43,SKU003,Warehouse A,Brand X,950.6789037098613,7
4068,Product C,Clothing,51,Supplier Y,48.73684736287537,4.593275173311945,96,SKU001,Warehouse C,Brand X,582.6975361335503,7
4069,Product C,Electronics,17,Supplier X,32.40897791326867,4.279557534156728,34,SKU001,Warehouse C,Brand Z,372.1138037733917,30
4070,Product C,Home,32,Supplier X,21.6241694099721,3.779915834421321,26,SKU003,Warehouse C,Brand Z,950.1061255632953,30
4071,Product A,Clothing,26,Supplier X,31.40272655752126,1.097632714370433,64,SKU001,Warehouse C,Brand Y,335.7866427211317,15
4072,Product C,Home,22,Supplier X,6.13704732294914,1.52901436862421,69,SKU003,Warehouse B,Brand Z,103.922005548428,30
4073,Product A,Electronics,13,Supplier Z,25.70262276467738,1.536928218125869,65,SKU001,Warehouse B,Brand X,996.8803989808256,15
4074,Product C,Home,12,Supplier Z,49.25477616698988,1.094161137118359,70,SKU002,Warehouse B,Brand X,275.1664713533247,7
4075,Product A,Electronics,71,Supplier Z,11.76347189233534,1.466807073694547,71,SKU003,Warehouse A,Brand Y,852.7452702126113,30
4076,Product A,Clothing,1,Supplier X,36.11390495181747,4.678985734268425,62,SKU001,Warehouse B,Brand X,173.8853868748564,15
4077,Product B,Electronics,33,Supplier Z,21.74856879158503,3.655217147643144,92,SKU003,Warehouse B,Brand Y,734.0404320596043,30
4078,Product C,Clothing,14,Supplier Z,32.62290742439768,2.24829207318169,79,SKU001,Warehouse A,Brand Z,529.2049005275295,15
4079,Product C,Clothing,64,Supplier X,10.24436143458877,4.17344004894672,28,SKU003,Warehouse A,Brand Y,981.0974927072283,15
4080,Product A,Electronics,43,Supplier Z,23.52324913088012,2.953477947819404,30,SKU002,Warehouse A,Brand X,557.3020525314755,30
4081,Product A,Clothing,58,Supplier X,49.00463569296375,1.568508147663506,63,SKU002,Warehouse C,Brand Z,34.76500037194559,7
4082,Product A,Home,41,Supplier X,9.76435755080048,4.53800832490597,85,SKU003,Warehouse B,Brand X,607.839209727847,7
4083,Product B,Clothing,81,Supplier X,31.82225139243786,2.35464778494589,52,SKU003,Warehouse B,Brand X,153.8632917732598,15
4084,Product B,Electronics,68,Supplier Y,28.77988743833977,3.795436922119577,73,SKU001,Warehouse B,Brand Z,800.5555061292663,15
4085,Product A,Home,39,Supplier X,28.25257931452017,2.16237664199843,67,SKU001,Warehouse A,Brand X,858.002514525,7
4086,Product C,Home,1,Supplier Z,30.75616448258086,3.0002850026952,24,SKU003,Warehouse B,Brand X,487.2725836067672,30
4087,Product C,Clothing,41,Supplier Z,25.1118986844114,4.265010846121662,12,SKU002,Warehouse C,Brand Z,785.3892424817757,30
4088,Product B,Clothing,45,Supplier X,0.8465375128829,1.627109385697471,80,SKU002,Warehouse B,Brand X,153.6596281267891,7
4089,Product B,Electronics,88,Supplier Y,45.00484057315589,4.909005580957114,39,SKU003,Warehouse B,Brand Y,497.1574046702896,7
4090,Product A,Home,98,Supplier Y,41.34894137420154,1.280863691442905,71,SKU001,Warehouse A,Brand X,400.0048220436788,7
4091,Product C,Electronics,98,Supplier Y,8.708384046056066,3.136035638962016,86,SKU003,Warehouse C,Brand X,615.2042131825506,15
4092,Product A,Clothing,88,Supplier Z,20.66365886894345,4.664102077407792,6,SKU003,Warehouse B,Brand Z,54.03241691512839,7
4093,Product B,Home,79,Supplier Y,38.5274490346784,4.782775539530101,31,SKU002,Warehouse A,Brand Y,754.6016098661411,7
4094,Product C,Electronics,81,Supplier Y,49.00311576936422,1.928435851519104,23,SKU002,Warehouse C,Brand X,88.33799657993684,7
4095,Product C,Electronics,13,Supplier X,47.55685232208932,1.575939924859235,0,SKU001,Warehouse C,Brand Z,659.9068023548632,7
4096,Product B,Electronics,71,Supplier Y,44.96795998380871,3.897612001271564,46,SKU001,Warehouse A,Brand X,28.27265328454478,30
4097,Product A,Electronics,9,Supplier Y,7.918694864956982,1.167894273104948,50,SKU003,Warehouse A,Brand X,833.5691831191622,30
4098,Product A,Electronics,63,Supplier Y,45.72375530045024,2.940955876121257,35,SKU003,Warehouse A,Brand X,182.9526339215435,7
4099,Product C,Home,99,Supplier X,43.92224564755397,4.185420907172728,26,SKU003,Warehouse A,Brand Y,520.3425012172206,15
4100,Product B,Electronics,23,Supplier X,18.84749555831948,3.241018898067336,69,SKU003,Warehouse A,Brand Z,268.8779746903431,15
4101,Product C,Home,54,Supplier Y,19.7261297268131,1.75205306309602,41,SKU002,Warehouse A,Brand Y,725.4207300404578,30
4102,Product B,Electronics,47,Supplier Z,22.99544609775804,2.948177197879853,94,SKU001,Warehouse B,Brand X,328.137589187824,15
4103,Product A,Clothing,39,Supplier Z,32.80878154832084,4.685098865795572,75,SKU001,Warehouse A,Brand Y,727.363101652434,15
4104,Product B,Clothing,87,Supplier X,13.04178079915079,3.468851912177107,89,SKU001,Warehouse A,Brand X,292.0224947671218,30
4105,Product A,Electronics,26,Supplier Y,1.147421471997234,3.885962510276079,88,SKU001,Warehouse C,Brand Y,754.9483600264024,7
4106,Product B,Clothing,1,Supplier Z,7.061476229862112,2.34505551865006,67,SKU002,Warehouse C,Brand Z,40.2994413735352,7
4107,Product C,Home,14,Supplier Y,22.00579537883868,1.753935100670471,69,SKU003,Warehouse C,Brand Y,290.47822202011,30
4108,Product A,Electronics,96,Supplier X,14.10012847131009,2.022568919598414,12,SKU001,Warehouse A,Brand Z,503.6471713758762,7
4109,Product C,Home,74,Supplier Z,38.22582805180659,3.13271037504118,24,SKU001,Warehouse A,Brand X,54.60898610052822,7
4110,Product C,Electronics,65,Supplier X,5.334503527463569,2.120880614442815,94,SKU003,Warehouse B,Brand Z,194.1737207575659,30
4111,Product A,Clothing,69,Supplier Y,45.87326127774019,3.167859149704404,21,SKU002,Warehouse B,Brand X,935.1916118247913,30
4112,Product A,Home,67,Supplier X,44.76635899719555,3.831167709504708,98,SKU002,Warehouse B,Brand Y,977.0659225283873,30
4113,Product C,Clothing,49,Supplier X,45.43784084666441,3.937583504681206,20,SKU001,Warehouse B,Brand Y,742.3524479165808,15
4114,Product C,Clothing,50,Supplier X,36.98049993016633,1.658739758644374,14,SKU001,Warehouse A,Brand Z,259.6780501107437,30
4115,Product C,Electronics,58,Supplier X,5.349998574179965,4.001723395335453,66,SKU001,Warehouse C,Brand Y,267.9122709816093,30
4116,Product C,Home,53,Supplier Z,21.90687856847834,3.690752558369436,36,SKU002,Warehouse A,Brand Y,649.3324542171222,30
4117,Product A,Clothing,91,Supplier Y,6.570268590273187,1.048020533474827,44,SKU001,Warehouse A,Brand X,126.4236204327148,30
4118,Product A,Electronics,57,Supplier Z,49.38495963805413,1.235488700359003,25,SKU003,Warehouse A,Brand Y,948.8262866260629,7
4119,Product C,Electronics,86,Supplier Y,16.65192116993367,3.584998007441521,80,SKU002,Warehouse A,Brand X,232.5647705150827,30
4120,Product B,Electronics,18,Supplier Y,29.2665270945031,2.534815598254839,54,SKU002,Warehouse C,Brand Z,999.6392691711894,30
4121,Product B,Clothing,16,Supplier Y,38.96965271221109,1.584415998302664,49,SKU003,Warehouse C,Brand Y,500.7764573494358,15
4122,Product A,Electronics,2,Supplier Y,46.03080421128227,1.177586236678533,34,SKU003,Warehouse B,Brand Z,773.715689103007,15
4123,Product C,Home,13,Supplier Y,37.777386292068,1.637593362689723,40,SKU002,Warehouse A,Brand Y,12.16225356050166,7
4124,Product C,Home,45,Supplier Z,33.72518893831188,4.830055857286466,71,SKU001,Warehouse B,Brand Z,889.8589407041255,30
4125,Product A,Clothing,80,Supplier Y,23.29908910190757,3.910262566283879,10,SKU002,Warehouse C,Brand Z,277.3020243327746,30
4126,Product B,Home,72,Supplier X,30.2700066875262,3.110821683737175,87,SKU001,Warehouse C,Brand X,671.2573771025847,30
4127,Product B,Electronics,43,Supplier Z,4.708190442641492,4.766162000218367,7,SKU003,Warehouse B,Brand Y,808.2917279856538,15
4128,Product B,Clothing,72,Supplier Z,44.19612709806312,3.476441750726416,53,SKU001,Warehouse C,Brand Z,172.506263153412,7
4129,Product A,Electronics,54,Supplier Y,27.18886544199427,3.902580753122669,93,SKU003,Warehouse C,Brand X,448.0843865159367,15
4130,Product B,Clothing,74,Supplier X,2.006752521747135,2.130607274023488,0,SKU001,Warehouse A,Brand Z,498.8975812454041,30
4131,Product A,Clothing,97,Supplier X,45.99510628299488,3.355927374356783,97,SKU001,Warehouse A,Brand Z,318.9982706858125,15
4132,Product A,Electronics,31,Supplier Y,24.46509869184343,1.573908977191361,19,SKU003,Warehouse C,Brand Z,486.9382714316916,30
4133,Product C,Home,76,Supplier Y,43.42945707805008,2.617932580791102,99,SKU001,Warehouse C,Brand Y,324.3702010787846,30
4134,Product B,Home,9,Supplier X,42.84439771026784,1.13296129994644,33,SKU002,Warehouse B,Brand Y,367.1402676046571,30
4135,Product A,Clothing,73,Supplier Z,40.78757937285575,1.866512350330722,56,SKU001,Warehouse B,Brand Z,672.6378669157116,7
4136,Product B,Electronics,48,Supplier Z,3.070150964767804,1.299474517690699,97,SKU002,Warehouse C,Brand Z,636.2673356219472,15
4137,Product B,Electronics,18,Supplier Y,12.35333227121044,2.551115278028925,12,SKU003,Warehouse A,Brand Z,239.94306853955,30
4138,Product C,Clothing,94,Supplier Z,43.77739362327154,4.372140658553961,53,SKU001,Warehouse A,Brand Y,898.5080559474703,30
4139,Product B,Home,96,Supplier Z,44.94955280260469,2.511736425380212,52,SKU001,Warehouse B,Brand Z,864.1606602146767,7
4140,Product C,Electronics,87,Supplier X,22.9034431184403,4.326558503978573,51,SKU002,Warehouse A,Brand Z,513.9924736230521,7
4141,Product A,Home,11,Supplier Z,22.00207338271011,3.625993250315549,5,SKU002,Warehouse A,Brand Z,438.9182352687928,30
4142,Product B,Home,62,Supplier X,8.757031694307488,3.038117786523311,35,SKU003,Warehouse B,Brand Z,383.0874231542678,30
4143,Product A,Clothing,84,Supplier Y,48.42053943455756,1.947566773045322,24,SKU002,Warehouse B,Brand Y,710.1952394797747,30
4144,Product B,Clothing,19,Supplier Y,10.65692376795216,4.688624371376609,90,SKU002,Warehouse A,Brand X,674.9493966373758,30
4145,Product A,Home,90,Supplier X,9.546839217538277,1.216803235368133,57,SKU002,Warehouse B,Brand X,204.2188008685989,7
4146,Product B,Electronics,74,Supplier X,33.03644850745872,3.755652070795261,54,SKU001,Warehouse C,Brand Z,674.7434509873577,15
4147,Product B,Electronics,24,Supplier Y,12.14221515002238,3.484959571237475,94,SKU001,Warehouse B,Brand X,259.9068821610196,7
4148,Product B,Clothing,13,Supplier X,46.93858055071949,2.764166089026107,2,SKU001,Warehouse C,Brand X,28.37275315829031,7
4149,Product B,Home,46,Supplier Y,0.545349765889741,1.961283821170421,27,SKU001,Warehouse C,Brand Y,702.2165907620033,15
4150,Product B,Electronics,53,Supplier Y,0.2876631161650656,2.722783747381067,67,SKU001,Warehouse C,Brand Z,648.3456664361421,30
4151,Product B,Electronics,98,Supplier Y,25.24384007177998,4.491090902213683,80,SKU002,Warehouse B,Brand Y,416.701169750598,30
4152,Product B,Clothing,29,Supplier Y,24.4031229956736,4.347064441019817,37,SKU002,Warehouse B,Brand X,530.429195360311,15
4153,Product B,Home,36,Supplier Y,8.168201095045525,4.765524999908116,33,SKU001,Warehouse B,Brand X,947.6974997887021,7
4154,Product B,Electronics,71,Supplier Y,24.72597814851422,2.231172826500992,83,SKU001,Warehouse C,Brand Z,599.2481790963833,30
4155,Product A,Clothing,94,Supplier Z,20.58305525849932,2.548416633475492,12,SKU003,Warehouse B,Brand Z,661.3050959831661,15
4156,Product C,Electronics,17,Supplier Z,44.51647626711843,1.074904610639453,4,SKU003,Warehouse A,Brand Y,73.27220773964967,15
4157,Product B,Electronics,48,Supplier Y,0.4626960108481737,4.771799978880033,59,SKU002,Warehouse A,Brand Z,174.334516068374,15
4158,Product C,Electronics,77,Supplier Z,48.81349025164761,2.317560367269075,87,SKU003,Warehouse B,Brand X,307.9427536474723,30
4159,Product B,Clothing,24,Supplier X,31.21963821479212,2.616655286131973,16,SKU002,Warehouse C,Brand Y,543.9855248478617,15
4160,Product B,Home,54,Supplier X,7.592172282263782,4.631218445789578,56,SKU003,Warehouse B,Brand Y,778.824987023488,7
4161,Product A,Clothing,95,Supplier Y,2.338000690558312,3.106393720667253,30,SKU001,Warehouse A,Brand Z,328.0284690107011,7
4162,Product A,Home,91,Supplier Z,26.90528292796159,3.264698167021912,91,SKU001,Warehouse C,Brand Z,362.8186061739862,15
4163,Product C,Electronics,85,Supplier X,11.74450829859101,1.704931352603667,64,SKU002,Warehouse B,Brand X,263.5893763220114,15
4164,Product A,Home,1,Supplier X,15.05827685006296,2.994640083274618,65,SKU002,Warehouse B,Brand Y,262.0632360023528,15
4165,Product A,Electronics,79,Supplier X,12.25660824172568,4.672834403635097,32,SKU002,Warehouse C,Brand Y,949.3752074358486,7
4166,Product C,Electronics,67,Supplier X,32.50861567862554,3.234872352431704,92,SKU002,Warehouse C,Brand Y,639.1026078227011,30
4167,Product A,Clothing,6,Supplier Z,27.67644810580668,2.020465458559032,3,SKU003,Warehouse A,Brand Y,164.3422311045474,7
4168,Product B,Electronics,78,Supplier X,3.898721176090575,1.124723456539051,81,SKU001,Warehouse B,Brand X,725.0260923034173,15
4169,Product C,Clothing,55,Supplier X,26.32632665875877,2.345207093816272,54,SKU003,Warehouse A,Brand X,724.8009319264287,30
4170,Product C,Home,38,Supplier X,39.55948827816499,3.290363656257832,23,SKU001,Warehouse A,Brand X,669.805494093168,30
4171,Product B,Home,33,Supplier Y,4.059729541016216,1.17045315348332,31,SKU001,Warehouse C,Brand Z,143.373240639757,15
4172,Product A,Electronics,8,Supplier X,44.486948811521,3.439170309164625,72,SKU003,Warehouse B,Brand X,413.9115686348911,15
4173,Product C,Clothing,90,Supplier X,28.91533247238646,3.093655308472451,46,SKU002,Warehouse A,Brand X,115.688767189469,7
4174,Product C,Electronics,79,Supplier Z,47.53122346351583,4.133741876666283,15,SKU003,Warehouse A,Brand X,818.4542990512151,7
4175,Product B,Clothing,78,Supplier X,7.407060886118782,1.115552689087847,20,SKU003,Warehouse C,Brand X,658.6204217461401,7
4176,Product B,Clothing,20,Supplier X,49.67824996766576,4.12338937927495,93,SKU003,Warehouse B,Brand Z,512.1318974001401,15
4177,Product A,Clothing,55,Supplier X,32.21364329848384,3.083508183032428,66,SKU001,Warehouse B,Brand Y,349.5853217355906,30
4178,Product C,Home,48,Supplier Y,28.37470997405314,2.482117331118846,96,SKU002,Warehouse A,Brand Y,192.4069797494891,7
4179,Product A,Clothing,83,Supplier Z,25.76398120560427,4.861531905435296,30,SKU001,Warehouse C,Brand Z,115.3831129447768,15
4180,Product A,Home,56,Supplier Z,1.182718654915638,1.640478188944212,13,SKU003,Warehouse B,Brand X,969.5482014615305,30
4181,Product B,Clothing,97,Supplier Y,46.9819595774789,3.165300476364426,5,SKU003,Warehouse B,Brand Y,207.6521555364628,15
4182,Product C,Home,88,Supplier Y,32.19972364270991,2.283925894369914,68,SKU001,Warehouse A,Brand Y,69.27588045417181,15
4183,Product C,Home,10,Supplier Z,4.581324224964561,3.109945515181343,28,SKU001,Warehouse B,Brand Y,962.0501044606715,15
4184,Product C,Home,52,Supplier X,1.047608514726245,3.209101810321648,54,SKU002,Warehouse B,Brand Y,553.4622239442489,7
4185,Product B,Electronics,50,Supplier Z,2.539181961837567,1.357792993699383,36,SKU003,Warehouse B,Brand X,798.6901676412315,15
4186,Product B,Clothing,34,Supplier Y,30.46978817161203,3.644540587673399,58,SKU001,Warehouse B,Brand Y,53.32818872633537,15
4187,Product B,Electronics,36,Supplier X,30.70077074472926,3.537925983676047,35,SKU001,Warehouse A,Brand Z,571.2763989048581,15
4188,Product B,Clothing,61,Supplier Z,24.98336458907205,4.077869098537856,84,SKU001,Warehouse B,Brand Z,404.2278644768152,7
4189,Product B,Clothing,16,Supplier X,15.33829103264758,1.362633974636684,75,SKU001,Warehouse B,Brand Y,774.2447900063846,15
4190,Product C,Electronics,79,Supplier X,26.58713658073207,2.189034187614751,58,SKU003,Warehouse C,Brand X,48.04138918266801,15
4191,Product A,Home,18,Supplier Y,25.81509104381289,3.600442398912405,86,SKU002,Warehouse A,Brand Y,407.6736628759982,7
4192,Product C,Clothing,71,Supplier Z,0.9707779938282812,1.546923303662434,77,SKU001,Warehouse B,Brand Y,801.0826852913341,15
4193,Product A,Home,47,Supplier Y,14.1234615163749,3.710392843153769,63,SKU001,Warehouse C,Brand Y,527.4702919919863,30
4194,Product B,Electronics,86,Supplier Z,2.659267073357474,1.236106843281692,42,SKU002,Warehouse A,Brand Z,554.538353588618,15
4195,Product A,Home,32,Supplier Z,45.00773757238277,2.339726211838511,41,SKU003,Warehouse B,Brand Z,106.1930351463058,15
4196,Product C,Clothing,43,Supplier X,36.26115813925677,4.386844489330077,73,SKU001,Warehouse C,Brand X,141.0072505588905,7
4197,Product C,Clothing,83,Supplier X,49.80575850964561,4.097165161524641,59,SKU002,Warehouse A,Brand Y,680.229609312128,7
4198,Product A,Clothing,40,Supplier X,15.10856316526439,3.579042860908352,61,SKU002,Warehouse B,Brand Y,678.2961560670207,7
4199,Product B,Electronics,65,Supplier Y,43.92429238784551,4.481833666500405,63,SKU003,Warehouse C,Brand Y,979.3123603097506,7
4200,Product B,Clothing,35,Supplier X,30.15271339662409,3.837078176688802,90,SKU002,Warehouse A,Brand Y,714.8334581848949,30
4201,Product C,Electronics,69,Supplier Y,22.65627034518025,3.077500420843212,57,SKU003,Warehouse C,Brand Z,498.3110609741128,15
4202,Product A,Home,50,Supplier X,11.12865556443175,4.918870001543146,1,SKU002,Warehouse C,Brand X,858.7545452982173,15
4203,Product B,Clothing,12,Supplier Y,36.91960826430714,3.779424319157278,77,SKU001,Warehouse B,Brand Z,113.4282559577769,30
4204,Product B,Clothing,76,Supplier Z,45.207037445215,3.405468707252012,70,SKU003,Warehouse C,Brand Y,454.802862687292,7
4205,Product C,Clothing,85,Supplier Y,11.76541990376854,2.635482243814259,80,SKU002,Warehouse B,Brand Z,294.238019818294,15
4206,Product B,Home,58,Supplier Y,8.769516748680628,4.609649994316202,83,SKU001,Warehouse B,Brand X,113.5914288583493,30
4207,Product A,Clothing,83,Supplier Y,34.81109575024335,2.182836382419971,7,SKU002,Warehouse C,Brand Y,765.8670638731626,15
4208,Product C,Electronics,63,Supplier Z,48.84865813627596,1.036878376843611,55,SKU001,Warehouse C,Brand Y,515.6841101938951,30
4209,Product C,Home,73,Supplier Y,37.4977550552039,1.78696208972944,83,SKU003,Warehouse C,Brand Z,561.2010326985157,30
4210,Product A,Home,49,Supplier Z,14.22903695238245,1.438069967769437,35,SKU001,Warehouse C,Brand Z,417.1426360312257,15
4211,Product C,Home,36,Supplier X,20.99777120738928,2.275975096692288,68,SKU002,Warehouse A,Brand Z,465.7338592867079,7
4212,Product B,Home,54,Supplier X,19.21588177291859,4.30351470983382,12,SKU001,Warehouse B,Brand X,124.8572132517731,7
4213,Product B,Home,47,Supplier Z,42.60475090235227,3.60611874146003,38,SKU001,Warehouse C,Brand X,676.1886460441067,30
4214,Product A,Electronics,32,Supplier Y,38.56853894361119,1.67592235693485,80,SKU003,Warehouse A,Brand X,438.1228860091616,7
4215,Product B,Home,99,Supplier X,29.44877173807601,4.155286884369354,5,SKU001,Warehouse C,Brand Y,818.5998973982875,15
4216,Product A,Clothing,95,Supplier Y,13.74795551984516,3.016879464397611,18,SKU001,Warehouse A,Brand Y,204.3243281416453,30
4217,Product A,Home,53,Supplier Y,46.89942638610281,3.050858496473188,24,SKU002,Warehouse B,Brand Z,213.0045424846474,15
4218,Product B,Home,32,Supplier Z,32.66576123845733,2.448448723923493,2,SKU002,Warehouse C,Brand Y,649.3019758153808,15
4219,Product A,Home,62,Supplier X,48.52383232208912,4.458465459288094,52,SKU003,Warehouse A,Brand X,847.543389163423,7
4220,Product B,Home,37,Supplier Z,29.00585165210154,2.273309215423171,27,SKU003,Warehouse A,Brand Y,477.4758602319936,15
4221,Product C,Home,96,Supplier Z,41.05963791818071,1.376559042678755,25,SKU003,Warehouse B,Brand Z,729.684330045769,30
4222,Product C,Electronics,38,Supplier Z,40.65526896972634,2.21091597588778,46,SKU002,Warehouse C,Brand Z,999.3366222781548,30
4223,Product A,Electronics,30,Supplier Z,16.8664388416796,3.861414185071543,7,SKU001,Warehouse C,Brand Z,990.3629833316388,15
4224,Product B,Home,58,Supplier Y,48.20103614786141,3.630327547213315,56,SKU003,Warehouse B,Brand Z,746.8934743934831,15
4225,Product B,Electronics,32,Supplier X,1.0970733798782,1.752068614214311,54,SKU002,Warehouse B,Brand Y,742.1906247814663,30
4226,Product C,Clothing,66,Supplier X,38.43554543837071,1.447137196419768,78,SKU002,Warehouse B,Brand Z,255.1426983269166,7
4227,Product C,Home,51,Supplier X,48.27785428820219,3.643463033606985,0,SKU003,Warehouse A,Brand Y,835.204235228336,7
4228,Product B,Clothing,11,Supplier Y,16.94541016418614,3.705507342619649,39,SKU002,Warehouse A,Brand Z,411.0511057766494,7
4229,Product A,Clothing,59,Supplier Y,32.4055293895486,2.464598548842283,22,SKU001,Warehouse B,Brand Z,962.3739707681544,15
4230,Product C,Home,20,Supplier Z,28.11116249221053,4.371205534116319,99,SKU002,Warehouse C,Brand Y,90.61341181986616,15
4231,Product A,Clothing,37,Supplier Z,38.07536548382618,4.912820815199668,53,SKU002,Warehouse A,Brand X,441.4819651839988,30
4232,Product A,Clothing,73,Supplier Z,43.30889608225262,1.822580893797582,41,SKU001,Warehouse B,Brand X,560.2820828066637,30
4233,Product C,Clothing,49,Supplier Z,30.1522284649774,3.308274862824113,79,SKU003,Warehouse A,Brand X,411.1046450153032,30
4234,Product A,Home,19,Supplier X,40.79522931907285,1.021385316015757,49,SKU002,Warehouse A,Brand X,218.4733985998939,30
4235,Product A,Home,55,Supplier Z,15.61427879446276,3.85221758410515,3,SKU001,Warehouse B,Brand Z,597.0586038946848,7
4236,Product B,Clothing,40,Supplier Y,11.42935293524084,2.657128454253271,7,SKU003,Warehouse C,Brand Y,758.3587354788862,15
4237,Product A,Home,7,Supplier Y,21.53338447664201,1.773076907612659,35,SKU001,Warehouse C,Brand X,648.3902100599945,15
4238,Product B,Home,5,Supplier Y,33.88682997903916,4.008887687057505,9,SKU002,Warehouse A,Brand Z,242.1043603199591,7
4239,Product C,Clothing,42,Supplier Z,9.36234744693618,4.242595190224323,29,SKU001,Warehouse C,Brand Y,734.2918649248387,30
4240,Product C,Home,88,Supplier X,34.01760960759457,1.444666004703749,99,SKU003,Warehouse C,Brand Z,264.3288279841177,30
4241,Product B,Electronics,48,Supplier X,19.70468242860337,1.163983047352136,15,SKU003,Warehouse B,Brand X,183.4503392947996,15
4242,Product C,Home,7,Supplier Z,39.7787636946316,2.336313766676469,29,SKU003,Warehouse B,Brand Y,693.7613352843349,30
4243,Product A,Electronics,11,Supplier Z,1.841790855165165,3.503961863044142,63,SKU001,Warehouse B,Brand Y,844.3593736527898,15
4244,Product A,Clothing,73,Supplier Y,33.39913189146972,4.173678108754532,73,SKU001,Warehouse C,Brand Z,486.7240532196087,7
4245,Product A,Home,49,Supplier Y,32.49111683249838,3.184249986521831,10,SKU003,Warehouse C,Brand Z,536.0778752070534,15
4246,Product C,Clothing,30,Supplier X,47.04677380626572,3.322995105227923,33,SKU003,Warehouse B,Brand Y,309.7200947665202,7
4247,Product A,Clothing,41,Supplier Y,35.66837767820352,4.199432887011564,79,SKU003,Warehouse C,Brand X,499.6718349589319,30
4248,Product C,Clothing,3,Supplier Y,39.81509482116406,3.115373496875038,54,SKU002,Warehouse B,Brand X,140.6631680322831,15
4249,Product A,Clothing,86,Supplier Z,45.22955079265842,3.444617960905202,82,SKU002,Warehouse A,Brand Y,956.2725213861602,30
4250,Product B,Clothing,40,Supplier X,33.75259591459939,3.064869359906237,3,SKU002,Warehouse A,Brand Y,802.3570471200303,30
4251,Product C,Home,51,Supplier Z,14.50768174799873,4.521832933470816,48,SKU003,Warehouse C,Brand X,671.2933302139629,30
4252,Product C,Electronics,84,Supplier X,43.4886899791761,1.942066474340356,43,SKU002,Warehouse C,Brand X,542.812427967559,15
4253,Product A,Home,32,Supplier Z,37.37890597379875,2.055974338162037,30,SKU003,Warehouse C,Brand Z,794.2474448656849,30
4254,Product C,Home,48,Supplier X,21.22188020004467,1.511845846407303,47,SKU001,Warehouse C,Brand Z,499.8096671899463,15
4255,Product C,Home,71,Supplier Y,35.52645863249811,4.277867005977686,98,SKU003,Warehouse A,Brand X,306.9741690729872,30
4256,Product B,Home,71,Supplier X,43.3844438590571,2.647109162249429,97,SKU003,Warehouse B,Brand Y,168.7704928150053,7
4257,Product B,Electronics,20,Supplier X,48.78260656956358,2.391575763524975,25,SKU002,Warehouse A,Brand Y,651.1097329137892,15
4258,Product A,Home,89,Supplier Z,47.61757519795277,4.925394868348625,69,SKU001,Warehouse B,Brand Z,930.1314875762489,7
4259,Product B,Clothing,35,Supplier X,16.26639133820708,4.707213465759142,96,SKU001,Warehouse C,Brand Y,162.0823679693077,7
4260,Product A,Home,24,Supplier X,21.08468568590909,4.887950728499046,90,SKU001,Warehouse B,Brand Y,188.2178646002987,15
4261,Product A,Home,40,Supplier X,5.476830248868564,1.569195987034771,11,SKU002,Warehouse B,Brand Y,439.2699730754397,15
4262,Product A,Electronics,77,Supplier Z,12.3772143509023,4.565007252592665,44,SKU002,Warehouse B,Brand Y,808.8303544404921,15
4263,Product C,Electronics,52,Supplier X,44.12106042434751,2.314838397549806,7,SKU002,Warehouse B,Brand Z,300.9835016817896,30
4264,Product B,Clothing,39,Supplier Z,18.04249631396795,1.05062708084745,8,SKU002,Warehouse A,Brand Y,261.3737954233278,30
4265,Product A,Home,68,Supplier Y,31.02763292974405,2.565193343932275,0,SKU002,Warehouse C,Brand X,623.7666285482055,7
4266,Product B,Home,61,Supplier Z,33.29828091535166,3.036785412552239,4,SKU003,Warehouse C,Brand Z,540.2586340555886,15
4267,Product A,Home,76,Supplier X,39.0914637571656,1.432881694269621,70,SKU001,Warehouse B,Brand Y,69.6181608007839,7
4268,Product B,Clothing,81,Supplier Y,9.140001512281549,3.150710467497025,81,SKU002,Warehouse C,Brand Y,90.67507753618378,30
4269,Product B,Electronics,65,Supplier X,15.24065673072177,4.277854336706926,53,SKU001,Warehouse A,Brand Y,646.5828503829185,7
4270,Product A,Clothing,62,Supplier Z,22.41681707290903,2.510603803356776,23,SKU002,Warehouse B,Brand Z,470.4723631563018,7
4271,Product C,Home,81,Supplier Y,18.24205306191368,2.410579226137209,25,SKU003,Warehouse C,Brand Y,971.2674196732555,15
4272,Product B,Electronics,2,Supplier Y,49.14526164298449,2.35524168092271,9,SKU001,Warehouse C,Brand Z,681.7460966227641,15
4273,Product C,Electronics,6,Supplier Y,41.74704016068562,4.692377783534768,60,SKU002,Warehouse B,Brand X,19.97292537329914,7
4274,Product C,Clothing,75,Supplier X,23.9843377310243,1.195032395160796,39,SKU003,Warehouse A,Brand Y,486.2085920024572,30
4275,Product A,Electronics,43,Supplier Y,43.9634313043234,2.780304567971821,43,SKU003,Warehouse B,Brand Z,420.3034556851247,7
4276,Product A,Electronics,82,Supplier Y,17.38264737916484,2.058397816598867,11,SKU001,Warehouse B,Brand X,115.646721393831,30
4277,Product A,Home,40,Supplier Y,39.29141619451323,4.575228101549977,21,SKU002,Warehouse C,Brand Z,923.9767475134681,7
4278,Product B,Home,89,Supplier Y,11.18377990532268,1.384209054335216,26,SKU003,Warehouse C,Brand Y,806.9611860909064,7
4279,Product A,Electronics,39,Supplier Z,38.6161022613183,2.645771066721643,66,SKU003,Warehouse B,Brand Z,237.7850493358019,15
4280,Product A,Electronics,28,Supplier X,22.82267015978642,2.627264608124343,81,SKU003,Warehouse B,Brand Y,263.4209512545672,7
4281,Product B,Clothing,80,Supplier X,5.374966049612118,4.553577670188091,68,SKU001,Warehouse C,Brand Z,41.69787278625645,30
4282,Product B,Clothing,63,Supplier Y,13.66312272777911,1.861973780163878,13,SKU001,Warehouse B,Brand X,303.7502770632506,7
4283,Product A,Electronics,64,Supplier Z,20.11373120117823,3.579581641206445,24,SKU002,Warehouse A,Brand Y,588.7757888242201,7
4284,Product A,Home,12,Supplier Y,37.46464558322186,1.537624507551156,51,SKU002,Warehouse B,Brand X,426.6349545028016,30
4285,Product A,Electronics,41,Supplier X,3.649135736547543,4.815902856322171,94,SKU001,Warehouse A,Brand Y,969.562909082484,7
4286,Product A,Electronics,29,Supplier X,32.97734975463198,3.372059837089143,84,SKU001,Warehouse B,Brand Z,65.51936757103417,7
4287,Product C,Home,23,Supplier X,35.80068204664218,3.505026921282681,58,SKU001,Warehouse B,Brand X,595.5158573100205,7
4288,Product C,Home,85,Supplier Y,32.69606849628757,2.735093606641889,37,SKU003,Warehouse B,Brand Y,859.7263461019776,7
4289,Product A,Clothing,80,Supplier Y,38.03348190837778,2.369130850665289,19,SKU001,Warehouse C,Brand X,485.9335032856254,30
4290,Product C,Clothing,51,Supplier Z,8.908430801141915,1.850705717979505,77,SKU002,Warehouse C,Brand X,12.93309335479285,30
4291,Product B,Clothing,45,Supplier Z,29.35516775315187,3.415951015329036,19,SKU003,Warehouse C,Brand Y,250.3734848280124,30
4292,Product C,Clothing,90,Supplier X,47.05724736019399,4.818246981392952,55,SKU001,Warehouse C,Brand Z,330.5312859112865,30
4293,Product C,Home,22,Supplier X,30.53921349022689,2.439163816369612,29,SKU002,Warehouse C,Brand X,966.3345496118878,7
4294,Product A,Electronics,10,Supplier Z,30.56681734764765,4.532627554648217,40,SKU001,Warehouse C,Brand Y,912.6555490203125,30
4295,Product C,Clothing,7,Supplier X,36.82198210566344,1.595105251388999,83,SKU002,Warehouse B,Brand X,949.678800056554,7
4296,Product C,Clothing,73,Supplier Z,16.66021160629295,4.744504083527203,70,SKU003,Warehouse A,Brand X,827.5008730407986,15
4297,Product C,Home,89,Supplier Y,35.02379506607703,2.401945135592306,62,SKU003,Warehouse C,Brand Z,358.1312567727653,7
4298,Product C,Home,15,Supplier X,45.81169166566075,2.518908846373383,68,SKU002,Warehouse C,Brand Y,906.8176578752385,7
4299,Product B,Electronics,77,Supplier X,0.5447736512671497,2.851369028137313,94,SKU002,Warehouse B,Brand Y,981.8676608776783,30
4300,Product A,Electronics,46,Supplier Z,43.50565205544326,3.872977079790601,28,SKU003,Warehouse C,Brand X,356.5705991522034,30
4301,Product A,Home,90,Supplier Y,10.93091656294295,3.878613734756141,78,SKU003,Warehouse B,Brand Z,267.9504063265844,30
4302,Product B,Clothing,85,Supplier X,22.79616368501876,2.918354338878661,88,SKU002,Warehouse C,Brand Z,551.4471298543991,15
4303,Product C,Clothing,87,Supplier X,42.6173900476319,3.092611597255744,76,SKU002,Warehouse A,Brand Z,195.2806706729407,7
4304,Product B,Clothing,61,Supplier Z,41.19560637283145,1.120041951096565,43,SKU001,Warehouse C,Brand Y,42.29797919231641,15
4305,Product C,Electronics,92,Supplier Y,44.59637390630279,2.217186806233303,87,SKU001,Warehouse C,Brand Y,946.372859404711,7
4306,Product B,Clothing,61,Supplier Z,47.0208396316263,2.384068296922438,78,SKU003,Warehouse B,Brand X,926.4832261170051,7
4307,Product A,Clothing,51,Supplier Y,22.35784783858793,3.234909074903038,87,SKU003,Warehouse C,Brand Z,171.0273152244998,15
4308,Product A,Home,38,Supplier Y,32.81819054005035,3.233199069485218,89,SKU001,Warehouse B,Brand Z,413.6628444604223,15
4309,Product A,Clothing,12,Supplier Z,19.52392202630534,3.839599190911493,82,SKU001,Warehouse A,Brand Y,832.7259501399587,7
4310,Product C,Home,88,Supplier Z,17.53583587460829,3.868109184872324,56,SKU003,Warehouse C,Brand X,664.3902958326445,15
4311,Product C,Clothing,77,Supplier Y,21.57977052988348,1.940842896848332,23,SKU003,Warehouse B,Brand Y,400.8396340790068,30
4312,Product B,Electronics,66,Supplier Z,37.1538067391338,4.080748604419298,18,SKU002,Warehouse A,Brand Y,746.7292872109908,7
4313,Product B,Clothing,54,Supplier X,25.07203735707764,1.078414272185128,16,SKU002,Warehouse A,Brand X,898.0769143280891,30
4314,Product A,Clothing,39,Supplier X,40.7029837224171,3.864647538426882,68,SKU003,Warehouse B,Brand Z,926.8967472206093,15
4315,Product C,Home,76,Supplier X,37.26092385980779,1.408244414077692,60,SKU001,Warehouse B,Brand Z,385.0611158029672,30
4316,Product B,Home,39,Supplier X,1.023923056219966,3.918592833684876,3,SKU002,Warehouse C,Brand X,181.8250732720907,15
4317,Product C,Home,78,Supplier X,31.51190785530808,3.108472362273617,21,SKU003,Warehouse A,Brand Z,913.7104696120354,30
4318,Product C,Clothing,30,Supplier Z,21.82855616542955,2.749018002732369,73,SKU001,Warehouse A,Brand X,101.629891402418,15
4319,Product A,Clothing,48,Supplier Y,22.83144945755708,3.762665559045716,84,SKU001,Warehouse B,Brand X,724.471507315882,7
4320,Product A,Electronics,83,Supplier Z,40.91865269349474,1.145483334988931,88,SKU003,Warehouse A,Brand Y,149.0923417121936,7
4321,Product C,Clothing,31,Supplier X,27.38039930423384,1.893881302702313,5,SKU002,Warehouse B,Brand Z,395.4929861210152,7
4322,Product C,Electronics,25,Supplier X,44.28109117294736,3.465760569870616,29,SKU002,Warehouse C,Brand Z,417.4401890795771,7
4323,Product C,Home,68,Supplier Z,35.64027961958452,4.388861626523272,92,SKU003,Warehouse B,Brand X,167.1703359609625,15
4324,Product C,Home,51,Supplier Z,27.64200043820264,2.524430547780468,74,SKU001,Warehouse C,Brand Y,923.4546196665458,30
4325,Product A,Home,13,Supplier Y,37.72689880755519,2.035045890534228,10,SKU002,Warehouse B,Brand Y,12.6414863291934,7
4326,Product B,Electronics,63,Supplier X,1.917452546270365,3.074945743155977,47,SKU003,Warehouse C,Brand Z,894.8704577844643,15
4327,Product A,Clothing,42,Supplier Z,1.354182741410387,3.489261009547366,45,SKU002,Warehouse A,Brand X,884.9910302407307,15
4328,Product B,Home,54,Supplier Y,4.167466346042604,2.680412125622986,26,SKU003,Warehouse B,Brand Z,323.7940171610216,7
4329,Product C,Clothing,67,Supplier X,21.87826625735713,4.50684273063902,18,SKU002,Warehouse B,Brand Z,707.2414271804828,7
4330,Product B,Clothing,80,Supplier X,11.77250728134716,3.093754835440054,85,SKU002,Warehouse B,Brand Y,260.2808221853323,15
4331,Product A,Home,90,Supplier X,49.21306472078923,1.14329435028234,91,SKU002,Warehouse C,Brand Y,761.1858266313991,30
4332,Product A,Electronics,56,Supplier Z,27.11450695056834,1.892215818824762,58,SKU003,Warehouse B,Brand Y,565.508544369866,15
4333,Product C,Clothing,19,Supplier X,33.12078730405793,2.802588123671258,67,SKU003,Warehouse B,Brand Y,307.2231997051817,7
4334,Product A,Home,46,Supplier X,13.94100681233483,3.790902076067733,53,SKU001,Warehouse A,Brand X,406.2324061012781,7
4335,Product C,Clothing,15,Supplier Y,16.08984542938044,1.879008975170355,82,SKU002,Warehouse B,Brand Z,692.9898449160195,7
4336,Product A,Clothing,32,Supplier Z,16.7730957070578,4.905029758869684,16,SKU002,Warehouse B,Brand Y,907.0364751473452,30
4337,Product A,Clothing,49,Supplier Y,34.93678525751503,2.274233032752334,49,SKU003,Warehouse B,Brand Z,139.4192514016019,30
4338,Product C,Clothing,21,Supplier Z,23.68531038446542,3.129920827442354,39,SKU002,Warehouse B,Brand X,575.6503299724656,30
4339,Product B,Clothing,65,Supplier X,25.88418262650372,1.075865538924165,99,SKU003,Warehouse A,Brand Y,261.1919074625463,15
4340,Product A,Electronics,70,Supplier Y,29.60014910796727,4.539562885723218,86,SKU001,Warehouse B,Brand X,803.3585273767046,15
4341,Product B,Electronics,27,Supplier Z,38.44058281191085,4.155338614100733,91,SKU002,Warehouse B,Brand Y,79.53493281078626,30
4342,Product A,Home,23,Supplier Z,4.518487425623907,1.781832017182371,10,SKU003,Warehouse A,Brand Z,692.0662322694582,30
4343,Product A,Electronics,47,Supplier X,38.84369561094108,4.732946764959371,13,SKU003,Warehouse C,Brand X,183.1965535541195,7
4344,Product A,Electronics,95,Supplier X,28.16175344375899,2.263359055189619,12,SKU002,Warehouse C,Brand Y,600.421564219197,7
4345,Product A,Electronics,12,Supplier Y,33.45477224276286,3.768745153520468,87,SKU001,Warehouse A,Brand Z,837.3356613207651,15
4346,Product B,Clothing,85,Supplier Y,16.3775882420381,4.275905272066399,79,SKU003,Warehouse A,Brand Z,757.5298555004628,30
4347,Product B,Clothing,66,Supplier Z,20.46934184082246,3.963657844948723,27,SKU002,Warehouse C,Brand Z,755.4134588068009,30
4348,Product A,Home,5,Supplier Y,11.55829098269601,4.670331136119365,93,SKU001,Warehouse B,Brand Y,522.6668590650362,15
4349,Product A,Home,9,Supplier X,48.96499987087027,4.457099041362834,43,SKU003,Warehouse C,Brand Z,891.8381359312241,30
4350,Product B,Home,20,Supplier Y,24.85014862551583,4.97844605636644,62,SKU001,Warehouse B,Brand Z,592.224146259578,7
4351,Product C,Clothing,82,Supplier Y,49.80384578982989,1.730445650304582,60,SKU003,Warehouse A,Brand Y,918.3427888640749,30
4352,Product C,Electronics,63,Supplier Z,24.48929890306332,2.2190472049068,90,SKU002,Warehouse A,Brand X,551.0572332540934,15
4353,Product B,Electronics,86,Supplier X,10.98756321920337,3.54490346972652,16,SKU002,Warehouse A,Brand Z,510.9059073898029,15
4354,Product A,Clothing,72,Supplier Z,25.37261983684284,3.932188743566335,49,SKU002,Warehouse C,Brand Y,230.1294890182113,30
4355,Product A,Home,98,Supplier X,1.97977858995389,3.138420218222837,25,SKU001,Warehouse A,Brand X,549.338787489903,15
4356,Product C,Home,73,Supplier X,45.23849007109757,1.29571345954646,6,SKU001,Warehouse C,Brand Z,149.178982936408,7
4357,Product C,Home,71,Supplier Z,40.92751255972205,4.366380907201528,98,SKU002,Warehouse B,Brand Y,870.99329924695,7
4358,Product B,Clothing,30,Supplier Y,36.29102603471424,4.843497424085088,78,SKU003,Warehouse B,Brand Y,679.1329698212105,7
4359,Product C,Home,82,Supplier Z,30.491335772123,2.622067375305579,15,SKU001,Warehouse B,Brand Z,993.6990940080125,30
4360,Product B,Home,91,Supplier Y,28.99171168351816,1.899249926795384,84,SKU001,Warehouse A,Brand X,101.1764535126179,15
4361,Product C,Clothing,16,Supplier Z,49.83641070397314,1.07725501984835,16,SKU003,Warehouse B,Brand X,248.266022346834,7
4362,Product C,Electronics,85,Supplier Z,13.8998717009969,1.949196144374341,89,SKU003,Warehouse A,Brand X,878.3870182234779,15
4363,Product C,Clothing,5,Supplier Y,38.98421826827889,3.799675099353689,34,SKU002,Warehouse C,Brand Z,401.3015587712285,15
4364,Product A,Clothing,29,Supplier Y,29.07023851068287,4.646357550690922,83,SKU001,Warehouse A,Brand Z,471.6399600820786,15
4365,Product A,Clothing,47,Supplier Y,48.79402718794426,1.374052265727063,83,SKU003,Warehouse B,Brand X,862.0453685137408,7
4366,Product A,Clothing,22,Supplier Z,41.39015916491262,3.21303674864772,22,SKU003,Warehouse A,Brand X,526.6049927004527,15
4367,Product C,Electronics,78,Supplier Y,49.92625564947964,3.782124994047329,68,SKU002,Warehouse A,Brand X,201.5410909202244,7
4368,Product B,Home,57,Supplier Y,29.41624972312232,2.105523284425074,8,SKU002,Warehouse C,Brand X,893.1098142556831,7
4369,Product B,Clothing,83,Supplier Y,10.22719787724675,3.279588156681208,86,SKU001,Warehouse A,Brand Y,40.75103985880315,7
4370,Product B,Electronics,35,Supplier X,25.18435178473669,3.860993704023091,17,SKU003,Warehouse B,Brand Z,896.4423049670088,30
4371,Product B,Home,88,Supplier Y,35.55555670252873,4.350876972541507,92,SKU002,Warehouse A,Brand X,60.01502440561134,15
4372,Product A,Home,60,Supplier Y,38.7180193090794,2.809999403279924,74,SKU001,Warehouse A,Brand Y,669.1908709541268,30
4373,Product A,Home,70,Supplier Y,0.02549945079717841,3.991428875675842,47,SKU002,Warehouse B,Brand X,80.96258587858132,30
4374,Product C,Clothing,60,Supplier X,25.2513544251147,2.207131886959399,71,SKU001,Warehouse A,Brand X,709.1508561054148,30
4375,Product C,Clothing,58,Supplier X,11.76172899853233,1.852186987088634,90,SKU003,Warehouse C,Brand Y,43.63160811962138,30
4376,Product B,Home,3,Supplier Y,43.74559166273942,1.74925498436267,65,SKU002,Warehouse B,Brand X,844.0331504336797,7
4377,Product A,Home,34,Supplier Y,7.645272202511427,2.435490927302905,22,SKU001,Warehouse B,Brand X,471.2845114206849,7
4378,Product B,Home,45,Supplier Y,33.32281247874167,1.143518727155396,84,SKU001,Warehouse A,Brand Y,102.5193735421891,15
4379,Product C,Home,50,Supplier Y,13.30310951624624,2.131967350660999,9,SKU003,Warehouse C,Brand Y,709.7512505600425,15
4380,Product C,Home,2,Supplier X,17.82710716071361,3.608891297772913,37,SKU002,Warehouse C,Brand Y,494.3972559287249,7
4381,Product B,Home,15,Supplier Y,47.02796303784224,3.591676188640547,58,SKU001,Warehouse B,Brand Y,199.0393702866885,15
4382,Product C,Electronics,37,Supplier X,12.02240627040397,1.294215225965965,67,SKU001,Warehouse B,Brand Y,25.51565014983852,15
4383,Product B,Home,15,Supplier Z,4.750138091146533,2.149662468322481,84,SKU001,Warehouse A,Brand X,423.8182771282818,30
4384,Product A,Clothing,60,Supplier X,3.464245072211292,3.278230658711687,42,SKU001,Warehouse B,Brand Z,94.77293842125022,30
4385,Product B,Clothing,96,Supplier Z,25.23075550497311,2.274208550012411,11,SKU002,Warehouse C,Brand Y,103.2280012647648,30
4386,Product A,Clothing,85,Supplier X,32.0855741142144,2.671952096755494,52,SKU002,Warehouse A,Brand Z,274.6562528790501,30
4387,Product A,Home,64,Supplier X,16.36468217854436,3.851243028463056,13,SKU001,Warehouse A,Brand X,634.15371427,30
4388,Product C,Clothing,81,Supplier X,34.51298708965404,1.03706731782652,51,SKU002,Warehouse C,Brand Y,534.6115024753396,7
4389,Product C,Electronics,98,Supplier Y,3.05168592866189,2.105574176353722,83,SKU002,Warehouse C,Brand Z,78.2974351760938,30
4390,Product C,Home,96,Supplier X,42.86673224614384,1.569488975140067,71,SKU003,Warehouse B,Brand Z,968.7469631335451,30
4391,Product B,Clothing,52,Supplier Y,40.82836048696189,1.510436731057967,90,SKU003,Warehouse C,Brand Z,888.2970014116452,7
4392,Product B,Electronics,23,Supplier X,49.27481356960428,4.836160865788989,60,SKU001,Warehouse A,Brand Z,266.6332322737067,30
4393,Product C,Electronics,99,Supplier X,46.82524904509227,2.506241326249671,40,SKU003,Warehouse A,Brand Z,131.1151902025198,15
4394,Product B,Clothing,37,Supplier Z,17.8098581959464,3.108354339638559,20,SKU002,Warehouse C,Brand Y,942.9788361094203,7
4395,Product C,Electronics,41,Supplier X,19.96376920077886,3.93528754827853,47,SKU001,Warehouse B,Brand Y,466.5303601018929,15
4396,Product B,Clothing,57,Supplier Y,37.29824237391298,1.189789899440201,55,SKU003,Warehouse A,Brand Y,318.0552951237215,15
4397,Product A,Electronics,97,Supplier Z,6.70413859774916,1.964090554230793,34,SKU001,Warehouse B,Brand Z,495.4544548135355,7
4398,Product A,Home,25,Supplier Z,15.70073551224174,4.32859114937485,43,SKU001,Warehouse C,Brand Z,775.016703100948,7
4399,Product C,Home,37,Supplier X,5.927046848782414,4.447962452711524,38,SKU003,Warehouse B,Brand X,176.7014453200239,30
4400,Product B,Home,40,Supplier X,22.74432245364157,2.491803682563208,14,SKU002,Warehouse A,Brand Z,769.820875174214,7
4401,Product B,Home,85,Supplier Z,27.60021399426588,2.499446398607073,11,SKU002,Warehouse C,Brand X,751.9523200545268,7
4402,Product A,Home,46,Supplier Y,10.55802349813762,4.027587508435527,97,SKU003,Warehouse A,Brand X,543.954722792471,30
4403,Product A,Clothing,60,Supplier X,1.33158434570525,2.180280906999477,7,SKU003,Warehouse A,Brand Y,867.1838658620859,30
4404,Product C,Home,98,Supplier Z,35.96779158752616,1.468376324559992,93,SKU003,Warehouse C,Brand Z,140.8219443881619,7
4405,Product A,Home,19,Supplier Y,1.000258221308425,2.030141800962334,66,SKU003,Warehouse B,Brand Z,599.5242165990164,30
4406,Product C,Home,91,Supplier X,48.67013044641781,2.549378926543099,93,SKU001,Warehouse C,Brand X,454.8496219768034,30
4407,Product A,Home,9,Supplier Z,11.08036283711977,1.208818838380393,92,SKU002,Warehouse A,Brand X,428.0691917074734,30
4408,Product A,Electronics,69,Supplier Z,33.19500460581455,2.914721016800699,0,SKU002,Warehouse A,Brand Z,260.0354605568302,15
4409,Product B,Home,5,Supplier X,21.73758631199946,3.960030051091114,79,SKU003,Warehouse A,Brand X,378.556860241809,30
4410,Product A,Home,89,Supplier Y,2.98369301685536,3.054980577921846,41,SKU002,Warehouse C,Brand Z,117.0692484634291,15
4411,Product A,Clothing,26,Supplier Y,23.60918033172337,1.287581362058028,30,SKU002,Warehouse C,Brand Z,259.0829800671769,7
4412,Product C,Electronics,19,Supplier Z,25.83803171483998,2.760598525383834,73,SKU002,Warehouse C,Brand X,279.2454567003018,15
4413,Product A,Clothing,30,Supplier Y,42.73416040464343,3.835618432171331,29,SKU003,Warehouse C,Brand Y,723.4611887855381,15
4414,Product C,Home,48,Supplier Z,36.61745348239489,1.23238661596076,42,SKU003,Warehouse B,Brand Z,58.06492293677452,15
4415,Product A,Clothing,16,Supplier X,3.965123737669318,1.239388758907554,25,SKU002,Warehouse A,Brand X,654.6803850693522,15
4416,Product A,Clothing,71,Supplier Y,10.45813417161325,2.482405612723931,11,SKU003,Warehouse B,Brand X,229.195810695258,15
4417,Product C,Home,18,Supplier X,15.59438421074739,1.779855856494836,58,SKU002,Warehouse A,Brand X,91.04289085713098,15
4418,Product B,Electronics,56,Supplier Z,5.820384323240973,4.739123165233682,68,SKU003,Warehouse A,Brand Z,307.7980994745798,7
4419,Product C,Electronics,21,Supplier X,22.84495354572453,3.325374414958973,72,SKU002,Warehouse B,Brand Z,232.2281407343168,7
4420,Product C,Clothing,31,Supplier Y,49.21545954312678,2.149301597623585,10,SKU003,Warehouse C,Brand Z,556.5120520814515,7
4421,Product C,Home,1,Supplier X,25.73063956188808,3.819106916459803,46,SKU002,Warehouse A,Brand X,363.8026394134828,15
4422,Product B,Clothing,3,Supplier Y,37.09410841615847,2.499716205437315,22,SKU003,Warehouse C,Brand Y,966.3338049842429,30
4423,Product A,Clothing,95,Supplier Y,34.14688988496731,1.52846257751604,80,SKU003,Warehouse B,Brand Y,963.9141033969421,15
4424,Product C,Clothing,25,Supplier Y,42.4955717546069,1.948928919374322,42,SKU002,Warehouse A,Brand Z,449.2781164290371,7
4425,Product C,Home,8,Supplier Y,10.78617452328047,3.570989137837503,76,SKU001,Warehouse C,Brand Z,797.136586053657,15
4426,Product B,Home,65,Supplier Y,37.69131308465141,1.207504423987967,80,SKU002,Warehouse B,Brand Z,23.13585545226628,7
4427,Product C,Electronics,62,Supplier Z,44.06776201528748,2.090756160192255,86,SKU002,Warehouse A,Brand Y,552.3334688775547,30
4428,Product A,Home,7,Supplier X,8.575491149012137,1.833245910568698,38,SKU001,Warehouse B,Brand Y,745.8661805839092,30
4429,Product B,Clothing,7,Supplier Z,17.34011098940019,1.804540442706128,72,SKU003,Warehouse C,Brand Z,224.7737931532625,7
4430,Product A,Clothing,8,Supplier X,48.50508821657807,3.731049647903884,81,SKU001,Warehouse A,Brand X,70.56003761428431,7
4431,Product A,Electronics,19,Supplier X,39.03939229898963,4.303267667017458,54,SKU002,Warehouse A,Brand Y,164.3597465473913,15
4432,Product B,Home,17,Supplier X,14.12954162687662,3.863466432257035,17,SKU001,Warehouse A,Brand Z,447.4296063021185,15
4433,Product C,Clothing,11,Supplier Z,28.19708848222435,3.582911263202049,93,SKU003,Warehouse B,Brand Y,511.3077065486993,15
4434,Product A,Electronics,49,Supplier Y,20.21630614247394,4.665807087271456,41,SKU002,Warehouse B,Brand X,387.0762708876808,30
4435,Product A,Electronics,11,Supplier Y,24.49825881635649,1.233569521697187,25,SKU002,Warehouse B,Brand X,445.5740293719562,30
4436,Product A,Clothing,41,Supplier Z,17.75830956953542,1.669932343904963,17,SKU003,Warehouse B,Brand Y,475.5326100131885,30
4437,Product A,Clothing,62,Supplier Y,13.96655092651703,2.657627422682129,84,SKU003,Warehouse C,Brand Z,771.7422949850853,15
4438,Product B,Home,52,Supplier X,33.73815206957094,2.489806574015471,40,SKU002,Warehouse B,Brand Y,114.1894790968759,7
4439,Product B,Electronics,66,Supplier Y,38.92709075430588,2.67220641185209,41,SKU003,Warehouse B,Brand Z,771.260962487802,7
4440,Product A,Clothing,68,Supplier Y,43.69785613736724,1.825819620170824,32,SKU001,Warehouse B,Brand Y,691.7410292720482,15
4441,Product C,Electronics,92,Supplier Y,7.766498365909403,1.598013262320913,42,SKU001,Warehouse C,Brand X,744.244201381555,15
4442,Product A,Home,97,Supplier X,41.14277618226203,3.036772989831712,13,SKU001,Warehouse C,Brand Y,737.1237020165696,7
4443,Product C,Clothing,75,Supplier Y,12.74004122385318,4.712210096275175,54,SKU001,Warehouse A,Brand Z,475.8858976437658,7
4444,Product A,Home,67,Supplier Y,21.36681949550253,2.567877849399668,57,SKU003,Warehouse B,Brand Z,219.286182715291,30
4445,Product C,Electronics,40,Supplier Y,45.07218429246233,1.173412856478112,9,SKU001,Warehouse A,Brand X,541.2626152587859,15
4446,Product A,Home,5,Supplier Z,22.7251800491301,3.824669371558098,27,SKU001,Warehouse A,Brand Z,958.4022330730086,30
4447,Product C,Home,85,Supplier Z,9.85317670221581,2.1644196221087,13,SKU002,Warehouse C,Brand Z,592.64042457943,30
4448,Product A,Electronics,22,Supplier Y,7.99343276185589,1.980380029219568,82,SKU003,Warehouse C,Brand X,20.93667376064983,7
4449,Product A,Home,37,Supplier Z,23.64918833260669,2.297032002791848,25,SKU003,Warehouse A,Brand Z,69.11379582762673,15
4450,Product C,Electronics,11,Supplier Z,38.1336211988277,3.895262095631505,73,SKU003,Warehouse A,Brand Z,992.9347992675168,7
4451,Product B,Clothing,44,Supplier X,49.86025719871506,4.275277547481217,16,SKU002,Warehouse B,Brand Y,81.22689564704596,30
4452,Product C,Electronics,86,Supplier Z,39.37043142154509,3.352224269355855,33,SKU002,Warehouse C,Brand Y,55.58470844444957,15
4453,Product B,Electronics,53,Supplier Z,43.85059794714267,2.289915014878206,13,SKU003,Warehouse C,Brand Y,359.4940266650688,30
4454,Product A,Clothing,77,Supplier Y,37.3916180467444,2.241912932469113,25,SKU001,Warehouse A,Brand Y,969.6240312366433,30
4455,Product C,Electronics,61,Supplier X,44.7717550378053,1.497233399621852,33,SKU002,Warehouse C,Brand Y,325.488402195537,7
4456,Product C,Clothing,67,Supplier X,3.814677165695662,4.733204192940779,82,SKU002,Warehouse A,Brand Y,415.7852895665179,15
4457,Product C,Clothing,13,Supplier X,46.49657994908227,3.552557595875278,23,SKU002,Warehouse A,Brand Y,637.7362905964799,15
4458,Product B,Electronics,92,Supplier Z,19.82030768628281,1.107898479423456,94,SKU003,Warehouse C,Brand X,33.87072093313384,15
4459,Product B,Home,11,Supplier Y,46.08071116402223,3.649468380746723,69,SKU001,Warehouse B,Brand Y,898.7859417439961,15
4460,Product A,Home,11,Supplier X,3.786641872973778,2.788613696774032,19,SKU002,Warehouse C,Brand Z,524.2485873788878,30
4461,Product B,Clothing,85,Supplier X,35.76214785605679,4.890231852187678,38,SKU002,Warehouse A,Brand X,472.1427969440174,7
4462,Product B,Home,85,Supplier Z,36.78443743351023,4.276275299225627,44,SKU003,Warehouse A,Brand Y,862.1193955845641,15
4463,Product A,Home,7,Supplier X,49.84554446488863,1.685263015331193,33,SKU001,Warehouse B,Brand Y,953.545823464441,30
4464,Product C,Electronics,17,Supplier Y,38.44276353449069,3.880444475499466,21,SKU002,Warehouse A,Brand Z,429.1909793303664,7
4465,Product C,Clothing,48,Supplier X,19.12868529078033,2.942264015341054,70,SKU003,Warehouse B,Brand X,180.7166685002984,7
4466,Product A,Clothing,14,Supplier Y,27.86242758092727,1.748180654679713,32,SKU003,Warehouse C,Brand Z,817.5521773020522,7
4467,Product C,Electronics,63,Supplier Y,18.32754690832951,3.794959629319796,5,SKU002,Warehouse B,Brand Z,409.2278170102623,15
4468,Product B,Home,64,Supplier Y,9.800932265242906,3.189550314776981,15,SKU003,Warehouse A,Brand X,936.1900841166484,30
4469,Product A,Clothing,97,Supplier Z,12.42511637511368,1.121495515086282,71,SKU003,Warehouse A,Brand Z,950.3999939926731,7
4470,Product A,Home,75,Supplier Z,11.10052671371605,3.586351802115304,22,SKU002,Warehouse B,Brand X,123.6807414041558,7
4471,Product A,Clothing,77,Supplier Y,27.44076650816065,3.539948359449763,17,SKU003,Warehouse C,Brand Z,956.9884276595227,7
4472,Product C,Clothing,65,Supplier Y,45.30803172659466,1.576340644205851,13,SKU001,Warehouse B,Brand X,374.5876221906697,30
4473,Product A,Clothing,34,Supplier X,45.63633130441988,2.395950907986772,49,SKU001,Warehouse A,Brand Y,649.7899924806186,30
4474,Product A,Clothing,9,Supplier X,2.738188876291275,3.34359588300416,60,SKU002,Warehouse C,Brand X,44.40258091670557,15
4475,Product A,Home,77,Supplier X,3.994970047594676,1.55513205642692,35,SKU001,Warehouse B,Brand Z,889.9954313429943,15
4476,Product C,Home,37,Supplier Z,12.25595285861717,4.410893511339026,14,SKU001,Warehouse B,Brand Z,645.1813560514163,30
4477,Product B,Home,30,Supplier X,12.75297262347375,1.109944185150815,4,SKU002,Warehouse B,Brand Y,647.118922286855,15
4478,Product A,Home,41,Supplier Y,4.744458761962555,1.41134965987742,52,SKU003,Warehouse A,Brand Y,903.154398377709,30
4479,Product B,Electronics,45,Supplier Y,19.42316705867202,1.464427679419536,47,SKU001,Warehouse A,Brand Y,513.2637031582697,15
4480,Product C,Clothing,47,Supplier Z,29.38626963456436,3.112428503900221,78,SKU003,Warehouse A,Brand X,416.411473958925,15
4481,Product C,Clothing,7,Supplier Z,28.90811002997318,3.480456048674501,10,SKU002,Warehouse C,Brand X,867.467464769393,30
4482,Product C,Clothing,14,Supplier X,27.17148406292964,2.614963186005946,1,SKU001,Warehouse C,Brand X,744.9963067526843,7
4483,Product C,Electronics,48,Supplier Z,16.93359624437486,2.154667310672665,86,SKU002,Warehouse C,Brand X,949.485908315252,7
4484,Product B,Home,6,Supplier Y,35.32278426582904,4.23726950250223,23,SKU003,Warehouse A,Brand X,940.7206743774273,15
4485,Product A,Clothing,34,Supplier Y,41.32419704905357,1.273143934905681,81,SKU002,Warehouse C,Brand Z,388.5029029146378,7
4486,Product C,Home,80,Supplier Z,17.31371332387042,2.121167444531167,67,SKU001,Warehouse C,Brand Z,452.5164272400037,7
4487,Product C,Home,46,Supplier Y,4.276767964973099,1.156462315215883,78,SKU002,Warehouse B,Brand Z,263.4251042528707,15
4488,Product B,Electronics,59,Supplier Z,14.81651255459283,1.055560539865072,11,SKU002,Warehouse A,Brand X,664.041410247182,7
4489,Product B,Electronics,70,Supplier Y,6.868432728745138,2.413519547728805,58,SKU002,Warehouse B,Brand Y,370.8965503879977,30
4490,Product C,Home,8,Supplier X,23.36793636135904,1.779294649779728,66,SKU003,Warehouse A,Brand Z,788.2396401415944,30
4491,Product A,Clothing,24,Supplier Z,7.796757565803913,2.073463419352985,31,SKU003,Warehouse A,Brand Z,130.3352531236014,7
4492,Product A,Clothing,67,Supplier Z,23.14223788289886,4.283788629819872,35,SKU003,Warehouse C,Brand X,125.2388226540884,30
4493,Product C,Electronics,4,Supplier Z,11.05014461623239,1.651920384996886,20,SKU003,Warehouse B,Brand X,212.4108276052029,30
4494,Product B,Electronics,96,Supplier Y,36.93655527312015,4.120933468607204,69,SKU001,Warehouse B,Brand X,93.44926655303935,7
4495,Product C,Electronics,1,Supplier X,1.378412041792282,3.700202492585454,65,SKU003,Warehouse C,Brand Z,623.8312916014523,30
4496,Product C,Electronics,34,Supplier Z,27.73731519159628,2.305782100563331,8,SKU003,Warehouse B,Brand Y,155.8792383565712,15
4497,Product B,Electronics,9,Supplier Y,8.474413746002835,3.186224580705151,75,SKU001,Warehouse B,Brand X,168.3632882929777,15
4498,Product C,Electronics,63,Supplier Z,0.04959322348135342,2.777742439098155,43,SKU003,Warehouse A,Brand X,24.08594149187433,15
4499,Product C,Electronics,76,Supplier Y,43.46000440324035,1.513581261990661,58,SKU002,Warehouse B,Brand Y,784.2691144773737,7
4500,Product C,Clothing,10,Supplier X,33.57638939070338,4.628741286936703,23,SKU003,Warehouse B,Brand Y,814.1730948692463,30
4501,Product B,Electronics,10,Supplier Y,4.94714110252617,3.27847187034304,62,SKU001,Warehouse A,Brand Y,170.4021922007953,7
4502,Product A,Electronics,50,Supplier Y,33.20361838419278,4.52096018318182,77,SKU002,Warehouse C,Brand X,742.1291899245522,7
4503,Product A,Clothing,44,Supplier Z,30.58236663687993,4.295306047253161,40,SKU001,Warehouse A,Brand X,439.209671925786,30
4504,Product B,Clothing,48,Supplier Y,23.66783435216017,1.319103701237693,75,SKU002,Warehouse C,Brand Z,247.1989341357374,30
4505,Product A,Home,87,Supplier Z,20.9629049212807,1.82908266407381,90,SKU002,Warehouse C,Brand Z,625.1707619930907,30
4506,Product C,Electronics,6,Supplier Y,44.35348814578675,1.581044457499323,73,SKU002,Warehouse A,Brand Z,186.6992336036139,7
4507,Product A,Electronics,88,Supplier X,12.25740099487256,4.323118131147675,1,SKU001,Warehouse A,Brand Z,759.3147715765051,7
4508,Product C,Electronics,24,Supplier Y,19.91550285066916,4.449786505820809,94,SKU002,Warehouse C,Brand Z,57.13907529484618,15
4509,Product A,Electronics,85,Supplier Z,16.45577064474136,3.111886039233464,27,SKU002,Warehouse A,Brand Z,959.5396235986352,7
4510,Product B,Home,95,Supplier Y,38.56005145183168,1.416712290032028,15,SKU002,Warehouse A,Brand X,81.15650117153822,30
4511,Product A,Clothing,58,Supplier Y,45.82326531162697,1.542466474172065,58,SKU002,Warehouse B,Brand Z,583.6539350562028,7
4512,Product A,Clothing,64,Supplier X,42.48908493701153,4.254195249753069,0,SKU002,Warehouse A,Brand X,903.1723472211547,15
4513,Product A,Electronics,94,Supplier Z,39.88519651498842,4.716760546117321,85,SKU003,Warehouse A,Brand X,21.78542415937184,30
4514,Product B,Electronics,56,Supplier X,49.33949727850415,1.797902740442627,0,SKU001,Warehouse B,Brand Y,503.5293163791665,15
4515,Product A,Electronics,98,Supplier Y,34.85722752051926,1.044550305888692,30,SKU002,Warehouse C,Brand X,356.5068946675731,7
4516,Product B,Home,82,Supplier X,37.55268956067669,2.323811620603112,21,SKU002,Warehouse C,Brand X,584.52886835533,7
4517,Product C,Home,12,Supplier Y,49.14012698525095,1.121997558591525,97,SKU002,Warehouse A,Brand X,233.2028128702821,15
4518,Product A,Clothing,35,Supplier Y,0.3495392699587041,4.311899664312152,75,SKU002,Warehouse A,Brand Y,74.25022505940751,15
4519,Product B,Electronics,71,Supplier X,31.70241882181825,2.966049028905006,58,SKU002,Warehouse C,Brand X,629.6737064802198,30
4520,Product B,Electronics,89,Supplier X,36.94857659766448,3.567443115052079,86,SKU003,Warehouse A,Brand Y,422.6807470984684,30
4521,Product A,Electronics,6,Supplier Y,45.89135268785975,2.645939504546169,27,SKU003,Warehouse C,Brand Z,626.2606833191674,15
4522,Product C,Electronics,65,Supplier X,44.19221520921714,2.382030188049927,75,SKU002,Warehouse C,Brand X,218.4337553694645,30
4523,Product B,Home,80,Supplier X,42.09803406168972,1.888801652304339,26,SKU002,Warehouse B,Brand Z,345.353850323947,15
4524,Product A,Clothing,60,Supplier Y,47.28956359708519,4.082130188152583,86,SKU002,Warehouse B,Brand X,566.0645754709642,15
4525,Product C,Clothing,68,Supplier Z,26.86895939568538,3.782190337662117,0,SKU001,Warehouse A,Brand Y,597.18165054148,7
4526,Product B,Home,29,Supplier X,0.3460047792413379,2.442915937984345,1,SKU001,Warehouse A,Brand Z,378.5916596965225,15
4527,Product B,Electronics,38,Supplier X,0.5527199348504763,2.284464537196732,94,SKU003,Warehouse C,Brand X,287.2526735603909,30
4528,Product C,Clothing,92,Supplier Z,27.2319527808929,1.004971514594716,65,SKU003,Warehouse A,Brand X,280.9636231937099,15
4529,Product C,Clothing,22,Supplier X,21.76361194319706,1.25420852018189,48,SKU001,Warehouse B,Brand Y,182.9523579066895,7
4530,Product A,Home,8,Supplier Y,22.56225266827242,3.493022099570539,88,SKU002,Warehouse C,Brand X,332.1509127062913,30
4531,Product A,Electronics,63,Supplier X,20.02023686050185,3.058429240941847,18,SKU003,Warehouse C,Brand Z,207.4459336430878,15
4532,Product B,Clothing,96,Supplier Y,45.88629045456179,2.73921281794009,27,SKU002,Warehouse A,Brand Y,637.4772521676454,7
4533,Product C,Electronics,97,Supplier Z,17.9585175584895,4.310008963206634,69,SKU002,Warehouse C,Brand Z,573.3763282596688,30
4534,Product C,Clothing,13,Supplier Z,42.81134708815416,3.015592817611386,38,SKU003,Warehouse C,Brand Z,388.7629354342109,7
4535,Product C,Home,27,Supplier Z,45.14323968958205,2.53797432562928,18,SKU001,Warehouse C,Brand X,332.5717197380205,7
4536,Product B,Electronics,18,Supplier X,24.97508849994774,1.64502539009994,63,SKU001,Warehouse B,Brand X,245.2380581926961,30
4537,Product C,Home,18,Supplier Z,22.34690186825442,4.282752032858477,57,SKU001,Warehouse C,Brand Y,540.1037258697478,7
4538,Product C,Clothing,77,Supplier X,38.05103021077234,3.304993000484751,16,SKU002,Warehouse B,Brand Y,919.7137367022314,7
4539,Product B,Home,86,Supplier X,35.39857538199412,1.369839863691029,69,SKU002,Warehouse C,Brand Y,688.8460208750478,7
4540,Product A,Home,62,Supplier X,16.4267558298103,3.595593591988303,78,SKU002,Warehouse A,Brand Z,746.9705668952117,30
4541,Product A,Home,14,Supplier Z,5.127406296232328,2.70028298195364,85,SKU001,Warehouse A,Brand Z,836.0340850198437,7
4542,Product B,Clothing,11,Supplier Z,13.24262000912402,4.245544894351983,40,SKU002,Warehouse C,Brand Z,358.1186236044703,15
4543,Product C,Electronics,86,Supplier X,6.551425290614948,4.675658387983985,97,SKU003,Warehouse A,Brand Z,72.24702429334275,7
4544,Product B,Home,17,Supplier Z,14.73661378883457,3.401863252704984,4,SKU002,Warehouse B,Brand X,626.3332152884278,15
4545,Product A,Electronics,51,Supplier X,13.09107827903995,3.926451277253466,22,SKU003,Warehouse C,Brand Y,196.7855683157523,7
4546,Product A,Clothing,96,Supplier Z,31.88557119433568,1.226363390408663,68,SKU001,Warehouse B,Brand X,573.3532134957096,15
4547,Product B,Electronics,14,Supplier Y,47.72480142273898,3.241021820004629,9,SKU002,Warehouse C,Brand X,742.1151308254941,30
4548,Product B,Home,57,Supplier Z,34.28718661652418,4.021359913421897,67,SKU002,Warehouse B,Brand Z,785.8019191263583,7
4549,Product A,Home,93,Supplier Z,46.33247040322848,2.987048597912415,11,SKU001,Warehouse A,Brand Y,308.8207290450403,15
4550,Product B,Home,6,Supplier Z,39.20661293042217,3.374200358017349,9,SKU002,Warehouse B,Brand Z,517.308900243622,30
4551,Product A,Home,57,Supplier X,36.39388110355866,4.595792742324177,59,SKU003,Warehouse B,Brand Z,624.7554453144204,7
4552,Product B,Home,4,Supplier X,20.70309701066707,1.792398288124798,29,SKU001,Warehouse A,Brand Y,821.2859144836157,7
4553,Product B,Home,11,Supplier Y,16.23972514316843,1.392986030207648,23,SKU003,Warehouse A,Brand Y,763.774778453898,7
4554,Product B,Clothing,74,Supplier Y,42.31386862364596,3.762574452558004,68,SKU001,Warehouse C,Brand X,988.0955677675965,30
4555,Product A,Clothing,92,Supplier Y,45.26966164645027,4.291395622089777,12,SKU003,Warehouse C,Brand Z,18.00382976471077,30
4556,Product B,Clothing,11,Supplier X,22.5941246825466,4.401960754330254,99,SKU003,Warehouse B,Brand Z,443.1145464545017,15
4557,Product A,Electronics,99,Supplier Y,0.4531549093322207,3.566577988364881,8,SKU003,Warehouse C,Brand Z,263.4840415123666,7
4558,Product A,Electronics,79,Supplier Y,39.62655294532352,4.332853672683214,17,SKU002,Warehouse B,Brand Y,128.6944532734247,15
4559,Product B,Clothing,8,Supplier Z,14.25344202361458,3.802656822893161,34,SKU002,Warehouse C,Brand Z,912.4001748855128,15
4560,Product B,Electronics,84,Supplier Y,0.4943932508460369,1.349507663627163,94,SKU002,Warehouse A,Brand Z,997.9824454347294,15
4561,Product A,Electronics,59,Supplier Z,40.2494279488061,4.048174031539952,87,SKU002,Warehouse A,Brand Z,188.7902458256764,15
4562,Product A,Home,21,Supplier X,25.87070944084491,1.717438758201319,3,SKU002,Warehouse A,Brand Z,48.04905887334996,15
4563,Product C,Home,65,Supplier X,34.26053731692345,1.946437370363891,40,SKU003,Warehouse A,Brand X,282.3039032036954,7
4564,Product A,Electronics,93,Supplier Z,45.73449105722388,2.578602507994659,25,SKU002,Warehouse B,Brand Y,836.5132988857317,30
4565,Product C,Electronics,24,Supplier Y,27.05869150690527,2.258268265305348,43,SKU003,Warehouse A,Brand X,300.9511823673236,15
4566,Product C,Clothing,30,Supplier X,25.15970362894829,2.286606953211648,41,SKU001,Warehouse A,Brand Y,66.33246569264534,30
4567,Product C,Electronics,99,Supplier Z,14.53310606741318,1.677038096816183,9,SKU003,Warehouse A,Brand Z,61.9672621134996,15
4568,Product B,Home,97,Supplier X,15.25969172199763,2.175484188438177,72,SKU002,Warehouse A,Brand Y,433.1485743457421,7
4569,Product B,Electronics,84,Supplier X,39.82710330148229,1.078650359903527,0,SKU001,Warehouse C,Brand X,932.5074658310035,15
4570,Product A,Clothing,57,Supplier Y,22.45146227929685,2.891643786753304,53,SKU002,Warehouse B,Brand Z,293.0612372232356,15
4571,Product C,Home,80,Supplier X,8.17631043040602,4.074363835079227,15,SKU001,Warehouse B,Brand X,432.8861038940333,15
4572,Product B,Home,73,Supplier Z,4.72643820002478,4.448989476899358,45,SKU003,Warehouse C,Brand X,110.9144673287825,7
4573,Product B,Home,95,Supplier Y,23.64600584308897,4.281714235837754,12,SKU001,Warehouse C,Brand X,498.6370653362912,15
4574,Product B,Home,17,Supplier Z,23.24775118088652,2.665830875980453,63,SKU002,Warehouse B,Brand Y,699.581593642847,7
4575,Product B,Electronics,59,Supplier Z,32.6729139102698,3.921705924655425,77,SKU001,Warehouse B,Brand X,278.4388575654474,30
4576,Product B,Clothing,31,Supplier Z,23.55337388725703,2.15156309638085,86,SKU003,Warehouse C,Brand Y,303.7441954433979,30
4577,Product C,Electronics,64,Supplier Y,7.173785206710736,1.222249890870472,54,SKU001,Warehouse A,Brand X,843.5552751522085,30
4578,Product C,Electronics,48,Supplier X,25.39014423992568,3.703886101565066,62,SKU003,Warehouse B,Brand X,20.26008512370531,7
4579,Product C,Home,23,Supplier Z,45.33947019430126,3.595184658945624,17,SKU001,Warehouse C,Brand Y,640.106001464596,15
4580,Product C,Clothing,70,Supplier X,7.97207058101062,4.206517581851502,60,SKU003,Warehouse A,Brand Y,399.9457885922008,30
4581,Product A,Home,30,Supplier X,34.48773204888745,3.464424826811519,91,SKU003,Warehouse A,Brand X,305.3967084258543,30
4582,Product C,Electronics,55,Supplier Z,29.69296324827633,1.627566499895666,19,SKU003,Warehouse C,Brand X,661.0178939214384,15
4583,Product B,Electronics,7,Supplier X,37.42928633559013,4.412649568200793,64,SKU003,Warehouse B,Brand Z,836.3218365718081,30
4584,Product C,Home,75,Supplier Y,7.530013671379638,3.509011152074803,63,SKU002,Warehouse B,Brand X,562.8081951653869,30
4585,Product A,Electronics,98,Supplier Y,47.08026684529973,4.230438796140016,75,SKU003,Warehouse A,Brand X,40.78367572362545,15
4586,Product B,Electronics,12,Supplier X,31.04832138835793,4.096428481504163,90,SKU002,Warehouse C,Brand Z,466.7871789173203,7
4587,Product C,Home,60,Supplier X,42.35355688455684,2.191457948900354,63,SKU003,Warehouse A,Brand X,468.1323414850334,7
4588,Product C,Electronics,52,Supplier Y,12.33033818401178,1.298211899408209,12,SKU001,Warehouse A,Brand X,548.3605098565617,30
4589,Product C,Clothing,27,Supplier X,36.97064446989808,1.706017636358339,67,SKU001,Warehouse A,Brand Y,674.2493120331168,30
4590,Product B,Home,12,Supplier X,39.05153521669595,1.371449337253003,88,SKU002,Warehouse C,Brand Y,29.12521949899704,7
4591,Product B,Clothing,13,Supplier X,19.87176361935378,1.973649728320546,69,SKU001,Warehouse B,Brand Y,506.992498155753,30
4592,Product A,Electronics,72,Supplier X,19.1976726441711,2.838129092103972,56,SKU003,Warehouse A,Brand X,592.4246916867849,7
4593,Product B,Electronics,80,Supplier Z,32.88981325128746,4.627242419925132,44,SKU001,Warehouse B,Brand Y,349.9198525518914,30
4594,Product B,Home,62,Supplier X,4.670384088010798,4.488075023682539,85,SKU002,Warehouse B,Brand X,671.6815743245287,30
4595,Product C,Electronics,29,Supplier Y,36.78120751087545,3.874399260382912,37,SKU001,Warehouse C,Brand Z,235.8959399578794,7
4596,Product B,Home,35,Supplier Z,2.144337991970546,1.096449438191304,53,SKU002,Warehouse B,Brand Y,324.1986097367771,15
4597,Product C,Home,60,Supplier Z,9.5295150560413,2.365556805282214,35,SKU003,Warehouse B,Brand Z,963.1277939500827,30
4598,Product C,Home,29,Supplier Y,33.20718786206836,3.729393705938079,66,SKU003,Warehouse A,Brand X,354.5896671525287,30
4599,Product B,Home,31,Supplier X,4.916183354598191,1.516115587356273,78,SKU001,Warehouse C,Brand X,353.0358784920876,15
4600,Product A,Home,77,Supplier Z,48.5921045738395,4.204351400063635,10,SKU001,Warehouse C,Brand Z,599.7238294648841,30
4601,Product A,Clothing,76,Supplier Z,43.41981047309503,4.658294719950375,97,SKU001,Warehouse A,Brand Z,971.2655765614596,15
4602,Product B,Home,61,Supplier X,31.31511662033682,2.416417786551302,26,SKU003,Warehouse A,Brand Z,983.2496414934703,15
4603,Product A,Clothing,2,Supplier X,40.95287278346749,3.823372247455334,86,SKU001,Warehouse B,Brand Z,583.861384039553,7
4604,Product C,Electronics,33,Supplier Y,44.37900242947839,1.592816530674853,16,SKU003,Warehouse B,Brand Y,11.07614960688321,15
4605,Product C,Home,72,Supplier Z,12.97378247859092,3.763265796452108,86,SKU002,Warehouse C,Brand Z,901.6499852607157,7
4606,Product B,Electronics,62,Supplier X,42.47057939746598,1.085821649148173,97,SKU001,Warehouse C,Brand Y,574.5355849312776,7
4607,Product A,Home,59,Supplier X,9.73968918188009,1.603086027244404,84,SKU001,Warehouse B,Brand Z,372.3364442070365,7
4608,Product A,Clothing,40,Supplier Y,20.66711320744077,3.83952578643468,32,SKU002,Warehouse A,Brand Z,830.903189605779,30
4609,Product C,Clothing,49,Supplier Z,27.91298156242997,3.847400891505225,4,SKU002,Warehouse C,Brand Y,405.834134756703,30
4610,Product B,Clothing,32,Supplier X,35.69454815370162,3.564650823380708,80,SKU002,Warehouse A,Brand X,43.70406113826202,15
4611,Product A,Electronics,38,Supplier Y,1.507065886126402,2.909456097536813,61,SKU002,Warehouse B,Brand X,822.8615008264486,7
4612,Product B,Home,92,Supplier Z,14.52547063890945,3.69963236468778,64,SKU003,Warehouse C,Brand X,550.4008070095647,30
4613,Product A,Electronics,79,Supplier Z,30.42595491051951,4.095203193155153,70,SKU001,Warehouse C,Brand X,344.7621028419542,30
4614,Product C,Clothing,87,Supplier Z,17.86843395745594,4.865926636146975,66,SKU003,Warehouse B,Brand Y,258.3834525903127,15
4615,Product C,Electronics,88,Supplier Z,38.75125278147467,4.554564126194419,89,SKU003,Warehouse B,Brand X,597.8594848212714,30
4616,Product B,Clothing,13,Supplier Y,32.58260805753581,4.178136810264498,79,SKU002,Warehouse A,Brand Y,215.9690527428491,30
4617,Product C,Clothing,85,Supplier X,11.72007268618679,3.779030066857492,79,SKU001,Warehouse A,Brand Y,330.6123776914332,30
4618,Product A,Clothing,54,Supplier Z,7.296448979616654,3.296622181729469,43,SKU003,Warehouse B,Brand Y,640.1650063198438,30
4619,Product C,Home,76,Supplier Z,31.45234967935252,1.482435293407665,13,SKU003,Warehouse B,Brand Y,882.7290059018727,30
4620,Product B,Home,13,Supplier X,22.52336638523789,1.662227368393572,89,SKU002,Warehouse B,Brand Y,537.5614251076828,30
4621,Product B,Clothing,39,Supplier Z,8.44785205506593,4.281118242683598,90,SKU001,Warehouse C,Brand Z,761.5153343161016,15
4622,Product B,Electronics,23,Supplier Z,16.31871026591887,4.213251648828882,56,SKU001,Warehouse B,Brand Y,765.4299977254115,7
4623,Product A,Electronics,92,Supplier X,15.15233741592933,3.457835703893452,47,SKU001,Warehouse C,Brand X,667.710413132793,30
4624,Product A,Home,14,Supplier X,5.406598616968755,2.755360530864614,16,SKU003,Warehouse B,Brand Y,253.3799543037125,7
4625,Product A,Clothing,17,Supplier Z,27.3454509632614,1.104130599294423,43,SKU002,Warehouse C,Brand X,868.1207121687395,15
4626,Product A,Electronics,24,Supplier X,38.18243169562771,2.308707770114176,3,SKU001,Warehouse A,Brand Y,441.9128990831708,15
4627,Product A,Clothing,58,Supplier Y,28.77334444264935,2.682558630261271,80,SKU003,Warehouse A,Brand X,53.76863649634356,7
4628,Product C,Electronics,63,Supplier Y,41.31456824686762,2.943265144693682,96,SKU003,Warehouse C,Brand Y,252.1665433688299,7
4629,Product A,Home,34,Supplier Z,6.378427360771566,4.717298394244837,29,SKU001,Warehouse A,Brand Z,767.8928705583226,15
4630,Product A,Clothing,51,Supplier Z,21.78059289111119,1.434837599200571,84,SKU002,Warehouse A,Brand X,78.44200245931448,30
4631,Product C,Clothing,86,Supplier X,30.47075518290496,3.075467679119082,80,SKU002,Warehouse C,Brand X,155.8907581333621,7
4632,Product A,Electronics,10,Supplier X,33.80007804709537,2.471689187833119,74,SKU001,Warehouse B,Brand Y,697.2845478812874,7
4633,Product B,Electronics,72,Supplier Z,34.78931532117135,4.960392476864206,54,SKU003,Warehouse B,Brand X,893.6747818302651,30
4634,Product A,Electronics,21,Supplier Z,36.44827135489405,4.447456065131622,29,SKU002,Warehouse C,Brand Y,637.3946850070605,7
4635,Product A,Clothing,37,Supplier Y,32.57149060980083,2.755143416955684,17,SKU003,Warehouse A,Brand Z,230.068143291259,30
4636,Product B,Home,7,Supplier X,4.711404447043383,4.998782437419042,83,SKU003,Warehouse B,Brand Z,62.87962561705312,15
4637,Product B,Home,90,Supplier Z,34.76528388011482,3.056252985885985,97,SKU002,Warehouse B,Brand Y,618.9753167248086,7
4638,Product B,Electronics,13,Supplier Z,36.23913283871938,1.668471186365603,91,SKU003,Warehouse A,Brand Y,56.92459215185234,30
4639,Product B,Home,80,Supplier X,49.67399671668136,3.223498767306858,72,SKU003,Warehouse C,Brand Z,616.5948314223394,30
4640,Product A,Electronics,30,Supplier X,34.6681218350563,1.904823063214586,43,SKU001,Warehouse C,Brand X,233.3241447194841,15
4641,Product B,Home,31,Supplier Z,34.34151978757745,3.545251360305008,61,SKU002,Warehouse B,Brand X,905.6095017847414,7
4642,Product B,Clothing,5,Supplier Z,25.7406645090986,4.749760699535702,30,SKU003,Warehouse C,Brand X,480.3417418024882,30
4643,Product C,Electronics,32,Supplier Z,43.3961454292557,4.144794307340113,15,SKU002,Warehouse A,Brand Z,231.6990489765987,7
4644,Product B,Home,16,Supplier X,49.84173809805792,2.092654761676221,94,SKU002,Warehouse C,Brand Y,854.6138633930057,30
4645,Product B,Clothing,73,Supplier Z,38.9522435098716,2.187434499864028,92,SKU003,Warehouse C,Brand Z,261.4950444630333,7
4646,Product C,Home,22,Supplier Z,30.62501889289042,1.277152812361248,76,SKU002,Warehouse C,Brand X,313.5330857596268,7
4647,Product C,Clothing,64,Supplier Z,3.947741346578409,2.14347134258511,22,SKU001,Warehouse C,Brand Y,835.9351200649012,30
4648,Product A,Clothing,44,Supplier Y,36.33695658648138,1.370499198711269,13,SKU001,Warehouse A,Brand Y,315.70410950259,30
4649,Product C,Home,40,Supplier Y,35.42807842909752,2.997794877302571,1,SKU003,Warehouse C,Brand X,416.062131538331,7
4650,Product A,Home,37,Supplier X,38.77840739047159,3.83338831799303,11,SKU002,Warehouse B,Brand Y,354.1890140512779,7
4651,Product C,Clothing,78,Supplier Z,6.227769419974466,4.004724645996633,57,SKU003,Warehouse C,Brand X,125.2363146520721,15
4652,Product C,Clothing,16,Supplier Z,32.68662500630717,1.238116928992716,91,SKU002,Warehouse B,Brand Z,48.50685412435789,30
4653,Product A,Clothing,43,Supplier X,14.78619524758373,2.359823592952808,95,SKU003,Warehouse A,Brand Y,727.2952673203715,7
4654,Product C,Electronics,84,Supplier X,38.01356217014168,2.152687066189735,55,SKU003,Warehouse C,Brand X,648.6857526963635,7
4655,Product A,Clothing,63,Supplier X,12.01869770157331,1.417201291949338,23,SKU002,Warehouse B,Brand X,289.5424068765366,30
4656,Product C,Electronics,15,Supplier Z,34.19893384102053,2.449885243728023,36,SKU001,Warehouse C,Brand Z,302.6431337350297,7
4657,Product B,Clothing,44,Supplier Y,14.74964734919899,2.197280436556944,28,SKU003,Warehouse C,Brand Y,945.5557251785945,7
4658,Product C,Electronics,90,Supplier X,0.4497146408715569,3.537996917357107,41,SKU001,Warehouse B,Brand Y,987.7944159611573,15
4659,Product A,Clothing,9,Supplier Z,31.66789559865477,4.533210654934852,17,SKU002,Warehouse A,Brand Y,478.7005542013566,15
4660,Product C,Clothing,65,Supplier X,5.663454157946118,2.819366883492863,2,SKU003,Warehouse A,Brand Y,804.4272280266788,30
4661,Product A,Clothing,99,Supplier Z,32.9645736394107,3.986660691067274,76,SKU002,Warehouse A,Brand Z,739.3190171106718,30
4662,Product A,Home,44,Supplier X,46.28047241784687,1.584041468442697,12,SKU001,Warehouse A,Brand Z,304.3445324169265,30
4663,Product B,Home,20,Supplier Z,48.46229671055451,4.579865514575459,28,SKU002,Warehouse A,Brand Y,67.97708341527357,15
4664,Product B,Clothing,70,Supplier X,11.79615436638063,1.610378952860369,65,SKU003,Warehouse A,Brand X,151.1306945635906,15
4665,Product A,Electronics,74,Supplier Y,40.46266138253274,1.768404722397557,58,SKU001,Warehouse C,Brand Y,839.9111758307557,15
4666,Product C,Electronics,33,Supplier X,17.67766384362201,1.425855214350706,91,SKU003,Warehouse C,Brand Y,733.9016817963183,7
4667,Product A,Clothing,80,Supplier X,45.02285363739912,2.238718006082146,47,SKU001,Warehouse B,Brand X,667.6914960176551,15
4668,Product A,Home,6,Supplier Y,39.37447843146869,3.209641786862104,3,SKU002,Warehouse A,Brand Y,139.3423433796818,15
4669,Product C,Electronics,83,Supplier X,3.696085832288182,4.951976445625307,50,SKU002,Warehouse A,Brand X,643.5313805760195,30
4670,Product C,Home,31,Supplier Y,20.35684969386386,4.173472138630176,4,SKU003,Warehouse A,Brand Z,774.4308081781843,15
4671,Product C,Electronics,66,Supplier Z,16.8658913004837,2.521743211567928,38,SKU003,Warehouse B,Brand X,861.9957323616877,15
4672,Product C,Clothing,18,Supplier Y,39.25905103616385,3.303384231614282,40,SKU003,Warehouse C,Brand Z,23.09896640168203,7
4673,Product A,Home,28,Supplier Y,20.51428553265795,3.493232123756831,4,SKU001,Warehouse C,Brand Y,687.630350859693,15
4674,Product A,Electronics,68,Supplier Z,34.22941988265419,4.290908884989388,7,SKU001,Warehouse A,Brand X,28.90667904717238,30
4675,Product B,Clothing,65,Supplier Y,30.12176277952202,3.945807141679202,97,SKU003,Warehouse C,Brand X,709.8041170880042,7
4676,Product A,Clothing,80,Supplier Y,48.78193595488169,3.277164507884561,55,SKU001,Warehouse C,Brand Y,639.2651510846848,15
4677,Product C,Clothing,45,Supplier Z,46.88924784008074,3.676732108158627,24,SKU001,Warehouse C,Brand Z,156.8643842897828,15
4678,Product B,Home,58,Supplier X,21.38497573693594,3.983670443851599,90,SKU002,Warehouse A,Brand X,768.460533831679,15
4679,Product C,Home,47,Supplier X,36.17891058205747,1.532576236533617,51,SKU002,Warehouse C,Brand X,77.66414200779424,7
4680,Product A,Clothing,66,Supplier Y,41.47300469906109,1.80182184522152,51,SKU002,Warehouse C,Brand Y,828.1347860071871,7
4681,Product B,Home,52,Supplier X,44.94428769310726,3.754337155630067,6,SKU003,Warehouse B,Brand Z,269.3099523997467,15
4682,Product C,Electronics,36,Supplier X,3.406713188824184,4.401702247950528,60,SKU002,Warehouse A,Brand Y,691.9633436776584,30
4683,Product B,Clothing,1,Supplier Y,15.10393996367484,2.637049130799071,99,SKU002,Warehouse C,Brand X,924.4524476116516,15
4684,Product B,Clothing,39,Supplier Z,16.01150204842609,4.919561289884824,95,SKU001,Warehouse A,Brand Y,346.4287544267145,7
4685,Product A,Home,87,Supplier X,21.72229756099393,1.864286930693491,84,SKU002,Warehouse C,Brand Y,507.865137161015,7
4686,Product C,Clothing,90,Supplier Y,8.46323753577095,2.666797128173755,46,SKU001,Warehouse A,Brand Z,468.4868536109458,7
4687,Product B,Electronics,75,Supplier Z,24.81029399750041,2.514092173853013,81,SKU002,Warehouse C,Brand Z,166.0352355722394,30
4688,Product B,Home,1,Supplier X,33.16071636492281,4.721183762905716,65,SKU003,Warehouse C,Brand Y,594.4088903858541,15
4689,Product C,Home,75,Supplier Z,24.86819601083588,2.141514070290158,58,SKU003,Warehouse B,Brand Y,745.5718993357385,15
4690,Product B,Clothing,88,Supplier Y,33.28965475988079,2.883163112168862,4,SKU002,Warehouse A,Brand Y,917.706080634581,7
4691,Product B,Clothing,74,Supplier Z,3.322081590895015,1.748935358461318,43,SKU002,Warehouse C,Brand X,852.2945756330176,15
4692,Product B,Clothing,14,Supplier Z,43.79936658537051,3.085064954249775,41,SKU002,Warehouse B,Brand Z,514.9191859307514,30
4693,Product C,Home,78,Supplier Y,46.95345960505342,4.429616677854364,60,SKU003,Warehouse B,Brand X,721.8269829668154,30
4694,Product C,Clothing,71,Supplier X,30.89537120593243,2.216157847562257,62,SKU001,Warehouse A,Brand Z,802.7755792401539,15
4695,Product C,Electronics,23,Supplier X,44.06954993184485,4.243168288651313,49,SKU001,Warehouse A,Brand Z,498.5538266009653,15
4696,Product C,Clothing,43,Supplier Z,6.572300832410622,4.645246328702504,37,SKU002,Warehouse B,Brand X,124.2732850972251,15
4697,Product A,Clothing,22,Supplier Z,39.87244600381551,1.291831558858255,91,SKU003,Warehouse A,Brand X,443.5514562088972,15
4698,Product B,Home,60,Supplier Z,5.957409673629699,4.025698145277004,94,SKU001,Warehouse A,Brand Y,844.0532578195492,15
4699,Product C,Clothing,27,Supplier Z,20.40051157487683,2.021373744601963,53,SKU002,Warehouse A,Brand Z,600.6749913397977,15
4700,Product B,Home,56,Supplier X,16.19092672791375,1.701310650146517,43,SKU003,Warehouse C,Brand Z,727.2137932392457,7
4701,Product B,Clothing,2,Supplier Y,29.27959126102271,3.404489568100144,23,SKU003,Warehouse A,Brand Z,193.4153419310616,7
4702,Product A,Electronics,39,Supplier Y,15.07572676197668,3.822410464914799,62,SKU001,Warehouse A,Brand Y,964.6943905288956,7
4703,Product C,Electronics,51,Supplier Y,31.86568148335664,2.579043942940855,96,SKU003,Warehouse B,Brand Z,410.0397241983763,30
4704,Product C,Home,19,Supplier Z,18.36936445759789,1.156694828328762,38,SKU002,Warehouse B,Brand Z,657.0991674905516,30
4705,Product B,Home,62,Supplier Z,43.03951905152322,4.634818096787173,11,SKU002,Warehouse B,Brand X,28.68353204469921,30
4706,Product C,Clothing,71,Supplier Y,31.69419201098058,3.92298766738998,62,SKU001,Warehouse A,Brand X,136.0460696327384,30
4707,Product B,Clothing,76,Supplier X,10.76491486607231,2.086667226732059,8,SKU003,Warehouse A,Brand Y,784.2139271860698,7
4708,Product B,Electronics,67,Supplier Y,16.80647110140435,2.98745542297896,78,SKU001,Warehouse B,Brand Z,968.2897510650521,15
4709,Product A,Clothing,63,Supplier X,42.37104438133279,1.111171159868312,86,SKU001,Warehouse B,Brand Y,326.8548015049234,15
4710,Product A,Electronics,5,Supplier Z,19.32398749937293,2.357131127223767,21,SKU003,Warehouse C,Brand X,46.80892759185219,15
4711,Product A,Home,72,Supplier Y,26.78995327828226,3.090140942340473,35,SKU001,Warehouse C,Brand Z,367.2579359603362,30
4712,Product B,Clothing,78,Supplier Y,32.44709679761664,3.068894460465001,73,SKU003,Warehouse C,Brand Z,27.2934489762126,7
4713,Product C,Home,61,Supplier Z,17.39048247929584,1.832739512034165,27,SKU002,Warehouse A,Brand Y,200.4493613398444,15
4714,Product A,Clothing,71,Supplier X,14.69893153790341,4.106989464735562,55,SKU001,Warehouse A,Brand Z,754.947294903201,30
4715,Product C,Electronics,7,Supplier Y,23.76274513040143,2.195448634106574,98,SKU003,Warehouse B,Brand Z,937.7175141254312,30
4716,Product A,Home,50,Supplier Y,10.74404860463946,3.321640092711891,28,SKU003,Warehouse C,Brand X,96.57459352519778,30
4717,Product A,Home,46,Supplier X,14.21052934595317,2.086088902151899,4,SKU003,Warehouse A,Brand Y,562.3217710224042,15
4718,Product B,Clothing,96,Supplier Y,3.103924201601804,2.700671491947081,3,SKU001,Warehouse C,Brand X,261.3420376627917,7
4719,Product A,Home,72,Supplier Y,15.19851379855027,1.830058501000921,50,SKU002,Warehouse C,Brand Y,147.6685345359902,15
4720,Product A,Electronics,76,Supplier Z,16.03520466817847,3.532031170128153,14,SKU001,Warehouse A,Brand X,226.7904275926419,7
4721,Product B,Home,74,Supplier X,48.09165831456598,2.702337440565403,93,SKU002,Warehouse C,Brand Y,581.9854368227303,7
4722,Product C,Home,14,Supplier Y,29.48644127329401,1.064469217951057,59,SKU001,Warehouse B,Brand Z,74.48315642952143,15
4723,Product A,Clothing,73,Supplier Y,39.36912127079028,1.112659976067064,25,SKU001,Warehouse B,Brand Z,439.8764102067333,15
4724,Product B,Home,94,Supplier Z,2.268862639016123,2.884537273885689,22,SKU001,Warehouse A,Brand Y,143.8755724456122,30
4725,Product A,Clothing,69,Supplier Y,5.326834680418596,1.732903467621417,28,SKU002,Warehouse C,Brand Y,279.9502818705367,30
4726,Product B,Clothing,65,Supplier Z,40.72684804312961,3.340168192578969,85,SKU003,Warehouse B,Brand Y,198.8467864458312,15
4727,Product C,Home,65,Supplier Y,31.17747747088179,2.632767127088085,98,SKU001,Warehouse C,Brand Y,884.1457448325882,15
4728,Product C,Electronics,57,Supplier Z,9.549101527010146,3.617679342158891,56,SKU001,Warehouse B,Brand Z,710.9312175625766,7
4729,Product B,Clothing,62,Supplier X,20.23977029308691,4.809580696255806,61,SKU002,Warehouse B,Brand Y,869.7779531579957,7
4730,Product B,Home,20,Supplier X,26.93362499908114,3.114944539181014,58,SKU001,Warehouse C,Brand Z,389.6282062022156,30
4731,Product B,Clothing,75,Supplier Y,42.18049145687209,4.149514414360398,47,SKU003,Warehouse A,Brand Z,320.2792312051334,7
4732,Product C,Electronics,26,Supplier Y,3.020599584724709,4.012163985263749,81,SKU003,Warehouse A,Brand Y,386.7813229487894,15
4733,Product A,Electronics,44,Supplier Z,29.83611446836812,4.687164417295461,34,SKU002,Warehouse A,Brand Z,28.36271376716339,7
4734,Product C,Clothing,67,Supplier Z,35.8517960793342,1.856071468952025,45,SKU002,Warehouse C,Brand Y,727.4572323970726,7
4735,Product B,Electronics,70,Supplier X,48.89459289552297,4.309307883139764,32,SKU003,Warehouse C,Brand Z,356.2747323261275,7
4736,Product B,Home,62,Supplier Y,40.35800391460922,4.622081514018747,70,SKU003,Warehouse C,Brand Y,320.1905655410238,15
4737,Product C,Home,45,Supplier Z,13.81136567826367,2.571051923790311,97,SKU003,Warehouse A,Brand Y,602.1596547168276,30
4738,Product B,Clothing,11,Supplier X,35.47895969391325,2.255264778395873,9,SKU002,Warehouse C,Brand X,441.8874125927182,7
4739,Product C,Electronics,72,Supplier X,38.16389424634885,4.808143638713151,87,SKU003,Warehouse A,Brand X,981.0349345416595,15
4740,Product B,Home,93,Supplier Z,36.48677499591976,3.510531288555472,88,SKU003,Warehouse B,Brand Y,362.6905124698133,7
4741,Product A,Home,74,Supplier Y,41.0072033975935,2.522705940965873,47,SKU003,Warehouse A,Brand X,617.7568837858342,7
4742,Product A,Home,34,Supplier X,45.18649881068188,4.167310883726521,43,SKU001,Warehouse A,Brand Z,318.5345896035552,15
4743,Product B,Clothing,88,Supplier Z,4.921493449467013,2.21789560646286,90,SKU002,Warehouse A,Brand Y,990.6890304085501,7
4744,Product C,Clothing,46,Supplier X,5.238192884055942,1.705630344279448,69,SKU002,Warehouse C,Brand Y,450.6599243729269,15
4745,Product A,Home,81,Supplier Y,39.8199994385323,3.175878543190822,62,SKU002,Warehouse A,Brand Y,637.787522758135,30
4746,Product C,Home,32,Supplier Z,12.61862382607354,3.264848179642414,48,SKU002,Warehouse B,Brand X,135.4544542431503,7
4747,Product B,Electronics,75,Supplier Y,2.927071097503897,4.302985929069353,71,SKU001,Warehouse B,Brand X,735.6939727150215,15
4748,Product C,Electronics,98,Supplier Y,20.06145904903029,2.82810942008172,84,SKU001,Warehouse B,Brand Z,276.5179572968658,7
4749,Product A,Electronics,88,Supplier X,40.99384559130391,4.258346158021366,40,SKU001,Warehouse B,Brand X,454.1271203013752,7
4750,Product C,Clothing,5,Supplier Y,6.328251190699019,2.245290717393354,82,SKU001,Warehouse B,Brand X,884.3017317041833,7
4751,Product C,Home,63,Supplier X,33.59209859022337,3.301472808711168,97,SKU001,Warehouse B,Brand Z,970.8469897362504,15
4752,Product B,Clothing,29,Supplier Z,0.1807930885783848,1.833891115602863,38,SKU002,Warehouse A,Brand Y,430.3263808219534,15
4753,Product B,Home,48,Supplier Z,5.486872360622497,2.541783803666386,22,SKU002,Warehouse C,Brand Y,836.4546412749548,15
4754,Product B,Electronics,98,Supplier X,17.54251728842434,4.430158791331404,12,SKU002,Warehouse C,Brand Z,62.81550460436215,30
4755,Product A,Electronics,16,Supplier X,4.180114051220701,1.86395277374302,52,SKU001,Warehouse B,Brand X,849.0982894923599,7
4756,Product A,Electronics,25,Supplier X,42.29508337185565,4.240957851597071,91,SKU003,Warehouse A,Brand Z,633.2152189311232,15
4757,Product B,Electronics,72,Supplier Y,43.20352515727344,2.131486631389625,69,SKU002,Warehouse B,Brand Z,493.8191067076859,7
4758,Product B,Home,29,Supplier Z,37.77853515497621,1.137958878717815,56,SKU002,Warehouse B,Brand Y,891.0640680858753,7
4759,Product A,Electronics,52,Supplier Z,12.12398156978087,1.439738280227385,75,SKU003,Warehouse B,Brand X,846.8838502813497,7
4760,Product A,Home,46,Supplier Y,26.16235376199899,3.983518181283153,66,SKU001,Warehouse B,Brand Y,303.9756449940363,15
4761,Product A,Home,25,Supplier X,9.20942627616857,2.048283706008593,47,SKU003,Warehouse C,Brand Y,793.57349852131,30
4762,Product A,Clothing,23,Supplier Z,14.06392250365554,3.616582368965089,19,SKU003,Warehouse C,Brand Z,108.4960243257489,30
4763,Product B,Electronics,34,Supplier Y,25.80026460868956,3.796795611028932,61,SKU002,Warehouse A,Brand Y,824.5362961126964,30
4764,Product A,Electronics,67,Supplier X,36.75069042303989,2.380473857738739,44,SKU002,Warehouse A,Brand Y,678.701061843018,30
4765,Product B,Clothing,94,Supplier Z,4.732719019681958,2.899675948844561,62,SKU001,Warehouse B,Brand Y,96.9876676226233,15
4766,Product C,Home,34,Supplier X,14.83483488140431,2.615068361823242,7,SKU003,Warehouse C,Brand X,686.2493717393941,30
4767,Product C,Electronics,32,Supplier Y,46.33106742859611,4.789395985418135,25,SKU001,Warehouse B,Brand X,584.7140839096064,30
4768,Product A,Home,29,Supplier Z,21.45616588909441,2.279795449406349,37,SKU003,Warehouse C,Brand Y,598.6046001335943,15
4769,Product C,Clothing,9,Supplier X,46.94348369546572,1.733292168899843,91,SKU002,Warehouse C,Brand Z,297.9552957784015,15
4770,Product C,Home,66,Supplier X,49.57002707760678,2.462371371502313,98,SKU003,Warehouse A,Brand Z,273.8322280127168,7
4771,Product C,Electronics,57,Supplier X,26.3329913055708,3.678062830408049,40,SKU001,Warehouse A,Brand Y,764.9097609334798,7
4772,Product A,Home,39,Supplier Y,14.40220048924253,3.789450761445861,1,SKU003,Warehouse C,Brand X,264.2453462070667,30
4773,Product A,Home,7,Supplier X,39.53884042862895,4.696229261440028,6,SKU001,Warehouse A,Brand Z,451.7996292917996,7
4774,Product C,Electronics,69,Supplier Z,7.965536776250747,4.527017939503237,24,SKU003,Warehouse B,Brand Z,697.8411086127969,15
4775,Product B,Electronics,8,Supplier Z,12.60234298360353,2.153282081669102,50,SKU002,Warehouse C,Brand X,88.8200888141634,7
4776,Product C,Home,96,Supplier X,39.24399547496411,2.820652995870386,49,SKU002,Warehouse C,Brand X,598.6028987855407,7
4777,Product A,Home,18,Supplier Y,21.68229623660149,3.989075952733736,95,SKU001,Warehouse C,Brand Z,593.4826089216361,15
4778,Product A,Clothing,82,Supplier Z,10.07689684938334,4.6661491224081,63,SKU002,Warehouse B,Brand Y,687.3864237791453,30
4779,Product A,Electronics,49,Supplier Z,32.55628724761623,2.348660051427567,11,SKU003,Warehouse C,Brand Z,376.2288143526021,7
4780,Product C,Home,16,Supplier Z,36.63809306908414,2.777765736707984,52,SKU003,Warehouse A,Brand X,454.4899763232013,7
4781,Product B,Electronics,21,Supplier X,6.253561972528454,4.597913081814435,74,SKU002,Warehouse B,Brand X,336.6696208052467,30
4782,Product A,Clothing,10,Supplier Z,13.84901299874671,2.433935492633691,9,SKU001,Warehouse C,Brand X,810.086564716888,7
4783,Product A,Home,4,Supplier X,11.06383776861166,2.922051944766943,60,SKU003,Warehouse B,Brand X,139.3046524357711,30
4784,Product C,Home,44,Supplier X,18.99273143812261,4.618016564872315,54,SKU001,Warehouse B,Brand Y,963.3244140395766,15
4785,Product B,Home,8,Supplier X,38.17224477880322,4.208972871959393,98,SKU003,Warehouse A,Brand Z,638.4877944194252,15
4786,Product C,Electronics,55,Supplier X,35.68540511371621,1.973723700039211,67,SKU001,Warehouse A,Brand X,888.0376571482541,30
4787,Product A,Clothing,19,Supplier X,33.1261955191852,2.299180261647733,41,SKU001,Warehouse A,Brand X,431.9691436821166,15
4788,Product B,Electronics,64,Supplier Z,0.3142772934295601,2.411834909837356,65,SKU003,Warehouse C,Brand X,338.9562796880767,15
4789,Product B,Home,40,Supplier X,7.107165669019472,4.650953893724239,43,SKU003,Warehouse C,Brand Z,901.7185520227437,15
4790,Product A,Clothing,51,Supplier X,11.16487745510334,4.995734948418157,27,SKU001,Warehouse A,Brand X,107.8842985875398,15
4791,Product B,Home,9,Supplier X,13.59779230194248,4.09601720862176,77,SKU003,Warehouse A,Brand Z,125.936159190225,15
4792,Product B,Home,30,Supplier X,7.321327082445,2.937305209974026,57,SKU002,Warehouse C,Brand Y,306.3533087198306,15
4793,Product C,Electronics,56,Supplier X,20.51577757369448,1.040695272269916,92,SKU003,Warehouse A,Brand X,960.1772319486553,7
4794,Product A,Home,81,Supplier X,3.759029250701296,3.78995222639183,1,SKU001,Warehouse B,Brand Y,636.737923766456,7
4795,Product A,Clothing,44,Supplier Z,37.50110951938904,2.557444657991139,54,SKU003,Warehouse B,Brand Z,558.6517596492442,7
4796,Product A,Home,59,Supplier X,39.38603936480525,3.531945880914422,33,SKU003,Warehouse B,Brand Y,708.3027729918664,15
4797,Product A,Home,15,Supplier X,28.71333448004491,3.426775853849715,96,SKU001,Warehouse C,Brand X,423.2998105173845,7
4798,Product A,Electronics,68,Supplier Z,4.485243852098391,2.923328226297549,19,SKU003,Warehouse A,Brand Y,760.4927664065913,30
4799,Product B,Clothing,70,Supplier Z,44.5041584773379,4.777549590905291,46,SKU001,Warehouse B,Brand Y,399.2983909931488,30
4800,Product C,Electronics,61,Supplier Y,48.28179143540572,1.092585381421367,93,SKU001,Warehouse C,Brand Y,828.0995530078999,30
4801,Product A,Home,80,Supplier Z,10.11817801608947,3.848529937890353,25,SKU001,Warehouse A,Brand Y,274.6221312557395,7
4802,Product C,Electronics,90,Supplier Z,35.23199097203599,2.639359473198184,83,SKU001,Warehouse A,Brand Y,284.771192705044,15
4803,Product C,Electronics,23,Supplier X,42.09693153212429,3.855161801966445,0,SKU002,Warehouse B,Brand Z,527.1594723724678,30
4804,Product B,Electronics,77,Supplier Y,26.99217612713511,3.700878590158528,64,SKU002,Warehouse A,Brand Z,436.4535467781178,7
4805,Product A,Electronics,47,Supplier X,16.16615497633745,1.040952010303982,88,SKU001,Warehouse A,Brand X,651.6346858418484,7
4806,Product B,Home,17,Supplier Y,23.92793575401763,2.141353980698685,96,SKU003,Warehouse B,Brand Z,370.6478471268432,15
4807,Product A,Home,57,Supplier X,25.6134375392226,1.756366082015122,86,SKU002,Warehouse B,Brand Z,238.2451425796631,15
4808,Product B,Clothing,54,Supplier Z,20.0318522094014,1.667945411769969,74,SKU001,Warehouse A,Brand X,475.1104772540721,7
4809,Product C,Electronics,91,Supplier Z,46.49212468168531,3.913906736484531,14,SKU002,Warehouse C,Brand Z,565.3469345021748,15
4810,Product A,Electronics,52,Supplier Y,37.1941555471251,1.958205396372498,13,SKU001,Warehouse C,Brand X,151.1740532913935,15
4811,Product C,Clothing,22,Supplier X,12.0650821127482,2.898950459949203,54,SKU002,Warehouse B,Brand X,561.1514394758336,15
4812,Product C,Electronics,83,Supplier X,29.27785936599343,1.987955981142718,0,SKU001,Warehouse A,Brand Z,326.0641381954179,15
4813,Product B,Clothing,39,Supplier Z,34.43445754655837,3.32093529374132,32,SKU002,Warehouse B,Brand Y,398.5273660198228,15
4814,Product A,Home,99,Supplier Z,7.007821085106514,3.882295072239872,69,SKU002,Warehouse C,Brand X,286.5249477726484,7
4815,Product C,Clothing,13,Supplier Y,17.92128711900744,2.324298954792706,55,SKU003,Warehouse C,Brand Y,932.0962245151293,30
4816,Product B,Electronics,78,Supplier Z,45.2774140801958,3.412083393148488,22,SKU002,Warehouse A,Brand X,686.5029184674117,7
4817,Product A,Clothing,95,Supplier Y,28.35865500926008,4.299419097654956,53,SKU003,Warehouse B,Brand Z,269.8357082866765,7
4818,Product A,Home,66,Supplier Y,10.84988730301584,1.376897140657967,89,SKU002,Warehouse B,Brand Y,648.5810212064307,7
4819,Product C,Electronics,52,Supplier Y,6.139239905957538,3.842682396165085,2,SKU001,Warehouse C,Brand X,850.0866854862257,7
4820,Product A,Home,14,Supplier Y,25.91134467374389,2.292579777741521,45,SKU003,Warehouse B,Brand Z,407.613906249441,7
4821,Product C,Home,73,Supplier Z,27.3842861514572,1.490599826099777,5,SKU002,Warehouse B,Brand Y,831.6579340646205,15
4822,Product A,Clothing,74,Supplier Y,16.72072256773062,3.182616830457395,24,SKU003,Warehouse B,Brand Z,162.8707948965924,30
4823,Product B,Home,63,Supplier Z,31.52080142095592,1.905049277070927,16,SKU001,Warehouse A,Brand Z,824.5535512175063,15
4824,Product C,Electronics,71,Supplier Y,3.434234310969436,4.285447170676631,27,SKU001,Warehouse C,Brand Y,544.8913002456427,30
4825,Product C,Home,28,Supplier Z,7.256984663307032,1.171583638124305,31,SKU001,Warehouse B,Brand X,230.7447431298823,7
4826,Product A,Home,89,Supplier Y,27.31369105056296,1.39461158508359,92,SKU001,Warehouse A,Brand X,413.0699707103523,7
4827,Product A,Clothing,46,Supplier Z,3.090784692222698,3.083984503943268,22,SKU001,Warehouse B,Brand Z,988.1130625221506,7
4828,Product C,Home,28,Supplier X,44.04543824955503,3.355767136307827,15,SKU003,Warehouse B,Brand X,785.7204564760019,7
4829,Product A,Clothing,2,Supplier Y,7.10731852282584,3.919546658090987,95,SKU003,Warehouse C,Brand Y,579.3354977712642,7
4830,Product B,Clothing,17,Supplier Y,33.69599370422682,2.037042913008775,25,SKU002,Warehouse A,Brand Y,124.0122727854803,7
4831,Product A,Electronics,59,Supplier X,19.56017208572126,4.367041632853168,32,SKU002,Warehouse B,Brand Z,423.6334670724852,7
4832,Product B,Electronics,52,Supplier X,19.98938737711242,4.812569359095132,57,SKU001,Warehouse C,Brand Z,270.4209988718179,30
4833,Product B,Electronics,4,Supplier Y,38.24447643055719,2.996157214379454,47,SKU001,Warehouse A,Brand Y,80.29106871033635,7
4834,Product B,Electronics,77,Supplier Z,24.9731067086457,4.042125459879205,82,SKU003,Warehouse B,Brand Y,546.7823448321218,7
4835,Product B,Clothing,82,Supplier Y,36.28277318219332,3.099393418175171,54,SKU001,Warehouse C,Brand Z,890.2938428424674,7
4836,Product B,Home,3,Supplier Z,25.25956143763846,1.277868117648842,40,SKU001,Warehouse B,Brand Z,678.8438694923839,30
4837,Product A,Electronics,37,Supplier X,29.64526707026317,2.304446051370484,61,SKU001,Warehouse B,Brand Y,257.1835841007061,30
4838,Product B,Electronics,97,Supplier Z,38.03573139348321,1.34994675850806,16,SKU002,Warehouse A,Brand Z,577.8487608842512,7
4839,Product A,Electronics,24,Supplier Y,30.36543714606377,4.955516477020054,58,SKU003,Warehouse C,Brand X,943.8019405134992,15
4840,Product B,Home,72,Supplier X,30.78075546943943,1.916103648293509,13,SKU002,Warehouse A,Brand Y,725.685902393706,30
4841,Product C,Electronics,35,Supplier X,39.46097957137972,3.543601677662875,81,SKU001,Warehouse B,Brand Y,692.5791604126963,7
4842,Product B,Home,2,Supplier Y,47.45434079096866,2.137380407779749,20,SKU001,Warehouse C,Brand Z,968.4765845652411,30
4843,Product C,Clothing,33,Supplier Y,18.83580769676684,3.612984861423703,62,SKU002,Warehouse B,Brand Z,800.8845780721846,15
4844,Product B,Clothing,76,Supplier X,28.85585786129756,1.84160676348193,45,SKU002,Warehouse B,Brand Y,145.2573076677646,7
4845,Product B,Clothing,86,Supplier Z,4.31365788667728,4.141080263640298,54,SKU003,Warehouse B,Brand Z,354.1587361064394,30
4846,Product B,Home,77,Supplier Z,17.94019402844335,1.443246411346542,61,SKU001,Warehouse C,Brand X,965.4892937303092,15
4847,Product C,Electronics,10,Supplier Z,20.6024612944693,4.580601600361121,38,SKU001,Warehouse B,Brand Z,494.8083402560179,30
4848,Product C,Electronics,81,Supplier Y,41.76186584120255,4.361686770163178,41,SKU002,Warehouse C,Brand Y,120.5210708679735,30
4849,Product B,Electronics,62,Supplier X,25.66962010628384,3.715229374553542,47,SKU003,Warehouse B,Brand Z,464.0188308756184,7
4850,Product A,Electronics,43,Supplier Z,36.55331866492289,1.269658508571391,27,SKU003,Warehouse A,Brand Y,700.0233017300927,7
4851,Product B,Electronics,69,Supplier X,0.9503700012835681,1.834276113315713,83,SKU001,Warehouse C,Brand X,997.5727394644288,30
4852,Product C,Home,59,Supplier Z,23.22463348141578,4.437446382764303,5,SKU001,Warehouse B,Brand Y,330.6662633975699,15
4853,Product B,Clothing,9,Supplier X,45.06588325817921,1.487897737210381,58,SKU002,Warehouse A,Brand X,518.946006130481,7
4854,Product C,Electronics,77,Supplier Y,11.21569546528925,1.62372838523208,89,SKU001,Warehouse C,Brand X,880.883897603296,30
4855,Product C,Clothing,60,Supplier Y,1.576109265355646,3.176013295022083,69,SKU002,Warehouse A,Brand X,361.7145458767602,30
4856,Product C,Home,63,Supplier Y,21.67043668567382,2.096709758697375,38,SKU001,Warehouse B,Brand X,118.1689410249487,7
4857,Product B,Home,52,Supplier Z,35.22159103237977,1.888302799775718,56,SKU001,Warehouse A,Brand X,949.446516251489,7
4858,Product C,Electronics,23,Supplier Y,22.72317534207347,3.303253727392722,53,SKU001,Warehouse B,Brand Z,493.5563986463651,30
4859,Product C,Home,30,Supplier Y,22.99891567556329,2.490306705832116,59,SKU003,Warehouse B,Brand X,507.755873664252,7
4860,Product B,Clothing,43,Supplier Y,33.49025206191597,1.562239587078675,89,SKU001,Warehouse C,Brand Z,624.9881431581404,30
4861,Product C,Electronics,68,Supplier X,12.71944041415245,3.139415070181858,16,SKU001,Warehouse B,Brand Z,13.50125746619236,15
4862,Product B,Electronics,21,Supplier X,37.59448958209887,2.548049613114491,39,SKU003,Warehouse B,Brand Z,931.8198638131606,7
4863,Product C,Clothing,43,Supplier X,7.655676545286672,3.938067097095078,65,SKU003,Warehouse C,Brand Y,367.8365739267963,7
4864,Product A,Electronics,73,Supplier X,19.78753026429938,1.411021769282357,84,SKU001,Warehouse C,Brand Y,402.9625437605051,30
4865,Product A,Electronics,7,Supplier X,32.8004054235459,3.482452975783895,53,SKU003,Warehouse B,Brand X,182.3681550579026,7
4866,Product C,Clothing,16,Supplier X,41.41845036150988,2.745973307772991,70,SKU003,Warehouse B,Brand Z,384.3700971595364,15
4867,Product A,Electronics,23,Supplier X,39.57655355825276,2.624247500209616,43,SKU003,Warehouse C,Brand Y,805.9040954682915,30
4868,Product B,Electronics,58,Supplier Y,36.08427996538489,1.929150752033365,83,SKU003,Warehouse C,Brand Z,801.9917558299795,15
4869,Product A,Clothing,87,Supplier Y,17.95481917681955,1.121704112810844,66,SKU002,Warehouse A,Brand Y,936.4388724864982,15
4870,Product C,Home,31,Supplier Z,6.115215814686192,4.390756777458583,56,SKU001,Warehouse A,Brand Z,409.1971779539878,15
4871,Product C,Clothing,69,Supplier Y,10.84171088464953,2.305640344137704,35,SKU002,Warehouse A,Brand Y,711.6342887110985,15
4872,Product B,Electronics,6,Supplier X,43.24169072882425,3.724364158919388,56,SKU001,Warehouse C,Brand X,512.1651796554816,30
4873,Product C,Clothing,65,Supplier X,42.86656850663297,4.790349599106829,42,SKU003,Warehouse C,Brand X,805.9825616239397,7
4874,Product B,Electronics,59,Supplier Z,47.57804262695079,3.259961192328527,43,SKU002,Warehouse C,Brand X,715.416589041667,15
4875,Product A,Electronics,28,Supplier Y,3.79943259477708,2.588587610079465,61,SKU003,Warehouse A,Brand Z,374.2238960334129,15
4876,Product A,Clothing,18,Supplier Y,26.8404542638728,2.073094265394815,82,SKU003,Warehouse B,Brand X,343.3070959111556,30
4877,Product B,Electronics,88,Supplier Z,32.43415224521168,4.736175170589974,60,SKU003,Warehouse B,Brand X,259.9180383976879,15
4878,Product B,Home,77,Supplier X,35.53286885334283,3.728307272204571,93,SKU001,Warehouse B,Brand Y,580.7506325837514,15
4879,Product C,Electronics,97,Supplier X,32.19316175052151,3.661125573026238,10,SKU003,Warehouse C,Brand Y,964.204423077921,15
4880,Product A,Clothing,10,Supplier X,38.5005694951141,2.704633300581108,76,SKU001,Warehouse B,Brand Y,208.0660702413903,15
4881,Product B,Home,7,Supplier X,17.97357881446708,4.380194851469723,32,SKU001,Warehouse B,Brand X,104.299930355282,7
4882,Product A,Home,37,Supplier Z,8.971638606774107,3.854688748037948,65,SKU003,Warehouse C,Brand Y,128.2066356555505,15
4883,Product B,Electronics,96,Supplier Y,10.22916860752193,2.132733087124064,22,SKU001,Warehouse C,Brand Y,785.2676894876485,30
4884,Product A,Clothing,45,Supplier X,0.5989344735082169,3.398314640100192,48,SKU002,Warehouse C,Brand X,356.6037562417181,7
4885,Product C,Electronics,86,Supplier Y,17.51609360531112,2.720775818405063,19,SKU001,Warehouse C,Brand Y,232.1231594154559,30
4886,Product A,Electronics,16,Supplier Y,4.587202543998864,1.026360651318852,93,SKU003,Warehouse C,Brand Z,359.315677189765,7
4887,Product A,Clothing,88,Supplier X,16.07443463950954,4.23049372600719,14,SKU003,Warehouse A,Brand Y,648.8775047012266,7
4888,Product A,Clothing,14,Supplier X,31.41050385831239,1.491321395678803,65,SKU002,Warehouse C,Brand Z,551.3192535800009,15
4889,Product A,Electronics,11,Supplier X,44.723902779341,3.039818024010457,29,SKU002,Warehouse B,Brand Y,746.1535124560137,15
4890,Product A,Home,83,Supplier Y,41.98027254952582,2.344904772339262,88,SKU001,Warehouse B,Brand Y,345.6834069969585,30
4891,Product C,Electronics,87,Supplier Z,12.63371059787884,2.36835616480271,3,SKU001,Warehouse A,Brand Z,457.5082877300385,7
4892,Product B,Home,34,Supplier X,6.704157109902348,2.909459533655232,63,SKU002,Warehouse C,Brand X,110.9486852732943,7
4893,Product A,Electronics,60,Supplier Y,9.653613689836565,4.98809241607898,64,SKU003,Warehouse B,Brand Z,82.32805957245364,15
4894,Product C,Clothing,13,Supplier Y,48.54933259518035,2.633518722525903,7,SKU003,Warehouse B,Brand X,467.6326904156595,7
4895,Product A,Home,39,Supplier X,27.47372398427454,1.72931691926629,51,SKU002,Warehouse C,Brand Y,308.5806413714643,15
4896,Product A,Clothing,44,Supplier Z,9.125111150028742,3.454425352197476,13,SKU002,Warehouse A,Brand X,616.6725664147696,15
4897,Product B,Clothing,28,Supplier X,42.03730773434076,1.945150832158085,57,SKU003,Warehouse C,Brand X,52.5721437901262,30
4898,Product A,Clothing,40,Supplier X,19.75956221562775,1.422196546851802,10,SKU003,Warehouse C,Brand Z,130.5487138235698,15
4899,Product C,Clothing,16,Supplier Z,44.96110759873637,1.200696688263716,58,SKU001,Warehouse C,Brand X,866.5389029953312,15
4900,Product C,Clothing,50,Supplier X,13.03385634172433,1.091525096078735,23,SKU002,Warehouse C,Brand X,570.6485053039135,7
4901,Product B,Electronics,28,Supplier X,19.66108794021181,2.724658593244255,87,SKU002,Warehouse C,Brand Z,714.9339883543149,30
4902,Product A,Home,68,Supplier Z,25.24738813950423,2.706903119493575,31,SKU002,Warehouse A,Brand X,843.5523975202227,30
4903,Product C,Electronics,92,Supplier Y,44.63076670445158,1.742181600311812,88,SKU003,Warehouse B,Brand X,469.1959995205517,30
4904,Product A,Electronics,60,Supplier Y,43.43787158025279,4.136076215084837,45,SKU001,Warehouse C,Brand Z,763.4497801278013,15
4905,Product A,Electronics,12,Supplier Y,28.71775351519389,1.517082511679515,27,SKU003,Warehouse B,Brand Z,529.3397232827891,30
4906,Product A,Clothing,16,Supplier Y,11.08877548904453,4.66126877055721,15,SKU002,Warehouse B,Brand Z,230.5212825709668,15
4907,Product B,Electronics,53,Supplier Y,20.16784858689375,3.35030391057309,41,SKU002,Warehouse C,Brand X,344.2796071129301,15
4908,Product A,Home,54,Supplier X,48.78165326827527,1.110465504419718,15,SKU002,Warehouse B,Brand Y,495.4469366451042,15
4909,Product C,Electronics,49,Supplier Z,30.3886611938701,4.851890502970866,99,SKU002,Warehouse C,Brand Z,323.716696650548,15
4910,Product A,Clothing,36,Supplier Y,39.05488775620983,2.231765038183414,11,SKU002,Warehouse C,Brand Z,342.1724144363994,30
4911,Product C,Home,62,Supplier Z,22.49323476807098,2.799899838311414,75,SKU003,Warehouse C,Brand X,344.0189029362787,30
4912,Product A,Home,84,Supplier Y,26.60036377334032,2.137074771978209,61,SKU001,Warehouse A,Brand Y,131.6115790685332,7
4913,Product C,Home,26,Supplier X,21.4477056116272,3.91368519213511,33,SKU002,Warehouse C,Brand Y,93.79618114012885,30
4914,Product C,Home,56,Supplier Y,35.1460499030984,2.942720882878155,37,SKU002,Warehouse C,Brand X,56.03107929439129,7
4915,Product A,Electronics,90,Supplier Y,42.57355069434387,1.52949183761001,83,SKU002,Warehouse B,Brand Z,119.8466984239934,30
4916,Product A,Clothing,22,Supplier Z,25.36817716122818,1.416815809437815,46,SKU003,Warehouse A,Brand X,350.2700212142618,30
4917,Product C,Home,73,Supplier Z,24.04337293181128,3.901501653298299,78,SKU003,Warehouse B,Brand Y,597.9330877252265,30
4918,Product B,Home,69,Supplier X,17.01432335491985,1.948325619725086,21,SKU002,Warehouse B,Brand Z,196.2654579373149,15
4919,Product A,Clothing,81,Supplier Z,8.854834714704191,1.55117349855389,79,SKU002,Warehouse C,Brand Y,889.1287575426115,30
4920,Product B,Electronics,49,Supplier Z,46.96238614375544,2.997710387991371,87,SKU002,Warehouse A,Brand Y,810.298606927055,30
4921,Product A,Home,98,Supplier Z,15.80398593397525,4.211061150145216,2,SKU002,Warehouse A,Brand Y,525.321841681072,7
4922,Product A,Electronics,2,Supplier X,40.03457317871428,2.115130983492522,0,SKU002,Warehouse C,Brand Y,726.9677325052263,30
4923,Product A,Electronics,53,Supplier X,35.76735106437371,2.105726446803231,52,SKU003,Warehouse A,Brand Z,372.6652394517708,15
4924,Product A,Electronics,7,Supplier X,39.54588001390646,4.335525041041508,63,SKU002,Warehouse C,Brand Z,46.410014805759,30
4925,Product B,Electronics,77,Supplier Z,46.83840666860512,1.591335178275131,43,SKU002,Warehouse A,Brand Z,905.2895190572144,7
4926,Product A,Home,20,Supplier Z,31.16853801104486,3.466910367146189,46,SKU002,Warehouse A,Brand X,136.5155533752438,30
4927,Product C,Home,94,Supplier X,44.89751716910223,4.820053931930342,37,SKU003,Warehouse C,Brand Z,948.457972915855,30
4928,Product C,Electronics,30,Supplier Z,8.384866145614684,4.36521259830923,62,SKU002,Warehouse A,Brand Y,576.1637623834489,7
4929,Product B,Electronics,75,Supplier Z,31.33562879783938,1.247260935118917,80,SKU003,Warehouse A,Brand Y,312.5074304112156,30
4930,Product A,Clothing,95,Supplier Y,38.61378064573064,2.279643506246502,40,SKU001,Warehouse A,Brand Z,500.5693770787262,7
4931,Product C,Clothing,67,Supplier X,13.5820565372087,1.569497862370465,20,SKU003,Warehouse B,Brand Z,506.6135108338632,7
4932,Product B,Clothing,59,Supplier X,37.03769006459825,4.796962550748558,44,SKU002,Warehouse C,Brand X,33.05420864815608,15
4933,Product A,Home,66,Supplier Z,38.92384145581184,4.943766264888325,12,SKU003,Warehouse B,Brand Z,361.9052533652973,15
4934,Product C,Clothing,3,Supplier Z,41.55939780082224,1.939972082160152,65,SKU002,Warehouse A,Brand X,742.4671415474883,7
4935,Product C,Home,56,Supplier Y,15.64414562979664,3.67879617931501,65,SKU003,Warehouse A,Brand Z,514.9684970612009,15
4936,Product B,Home,79,Supplier X,34.08032950841546,4.366526928188474,42,SKU003,Warehouse B,Brand X,251.7878158394884,15
4937,Product A,Home,17,Supplier X,15.21266417048811,1.934721137657906,61,SKU001,Warehouse A,Brand Z,341.7587614365746,7
4938,Product A,Home,52,Supplier Z,36.95201937492277,1.75072253728391,88,SKU003,Warehouse A,Brand Z,864.4238491847897,30
4939,Product C,Clothing,7,Supplier X,23.14868325728561,1.044844092989121,91,SKU001,Warehouse C,Brand Z,530.2941734487273,30
4940,Product C,Electronics,5,Supplier Z,29.877218726361,2.647849827766104,47,SKU001,Warehouse A,Brand X,533.0686013257236,30
4941,Product C,Electronics,98,Supplier Y,20.79199907152844,4.597749849578866,25,SKU003,Warehouse C,Brand Y,961.8527844605,15
4942,Product A,Electronics,97,Supplier Z,8.099146346491215,4.611918596225395,98,SKU003,Warehouse C,Brand X,327.6725850462769,15
4943,Product B,Clothing,54,Supplier Y,8.901476480268183,1.510972510036065,91,SKU003,Warehouse B,Brand Z,484.7457138551661,30
4944,Product B,Electronics,61,Supplier Z,3.878445363106725,1.81740992211358,60,SKU001,Warehouse B,Brand Y,813.5964617436256,7
4945,Product A,Clothing,16,Supplier Y,30.90363398608309,2.632189323738134,61,SKU002,Warehouse A,Brand X,761.3231263981594,7
4946,Product B,Clothing,67,Supplier Y,42.43191989765297,4.122498180654808,96,SKU002,Warehouse B,Brand X,273.1414277093858,7
4947,Product C,Clothing,59,Supplier X,1.041841313104047,3.447405934126914,81,SKU001,Warehouse C,Brand Y,159.580137129332,15
4948,Product B,Electronics,47,Supplier Z,3.311975104417675,3.055398974080866,13,SKU001,Warehouse B,Brand Z,703.6975304254946,30
4949,Product B,Electronics,48,Supplier X,22.87334961514552,3.367727536890412,53,SKU003,Warehouse C,Brand Y,265.0796150391228,7
4950,Product B,Electronics,64,Supplier X,36.88603680840946,1.384798775209187,40,SKU003,Warehouse B,Brand Z,923.4490702389987,30
4951,Product C,Home,50,Supplier Z,7.885382235597565,2.910654569019628,59,SKU002,Warehouse A,Brand Y,137.9552170493338,30
4952,Product A,Clothing,85,Supplier X,13.58256597745969,4.968253158156513,8,SKU002,Warehouse B,Brand X,325.1320481334288,15
4953,Product C,Home,41,Supplier X,11.60031006409036,1.353784587756351,43,SKU002,Warehouse A,Brand X,64.23937445566463,7
4954,Product A,Clothing,72,Supplier X,19.95256093355771,3.076986710539546,55,SKU003,Warehouse B,Brand X,706.2722537947443,15
4955,Product A,Electronics,22,Supplier Z,11.24993385087856,2.182597046629498,93,SKU003,Warehouse C,Brand Z,892.3500224262443,30
4956,Product A,Clothing,54,Supplier X,17.62993392723765,3.159653187447836,2,SKU001,Warehouse B,Brand Z,639.5157820576969,30
4957,Product B,Clothing,5,Supplier X,36.42712993309721,3.295275040134987,97,SKU003,Warehouse B,Brand Y,938.3754853563688,30
4958,Product B,Home,17,Supplier X,30.55046242270946,3.309891592477904,96,SKU002,Warehouse C,Brand Z,137.2189387161976,7
4959,Product A,Clothing,78,Supplier Z,4.059085269584645,4.408835141243546,90,SKU001,Warehouse C,Brand Z,96.85658799007192,7
4960,Product A,Electronics,41,Supplier Y,31.88728331228588,2.558989658694644,58,SKU003,Warehouse B,Brand Y,840.028603855697,7
4961,Product B,Clothing,92,Supplier Y,23.85385857796067,3.065416650665984,72,SKU002,Warehouse C,Brand Z,856.9560636326426,30
4962,Product C,Clothing,95,Supplier Y,46.72827873535694,1.043713595870994,12,SKU003,Warehouse C,Brand Y,832.7291318360568,30
4963,Product A,Clothing,81,Supplier Y,14.46521585520266,4.158202406319067,29,SKU001,Warehouse B,Brand Z,800.9752535084082,7
4964,Product C,Home,35,Supplier X,36.308320984958,2.037950829503412,52,SKU003,Warehouse A,Brand Z,368.6060802992736,30
4965,Product B,Clothing,40,Supplier Z,36.5430411522285,4.266220096162066,79,SKU002,Warehouse B,Brand X,225.2874627554739,30
4966,Product A,Clothing,22,Supplier X,11.07503905045937,2.062554665521269,50,SKU001,Warehouse B,Brand Z,929.5159797978122,30
4967,Product C,Home,48,Supplier Z,45.1611812485468,1.043153985049969,41,SKU002,Warehouse A,Brand Y,313.9301810198506,7
4968,Product C,Home,53,Supplier X,24.55916002148015,1.619325272773787,25,SKU001,Warehouse B,Brand Y,404.4236053423919,15
4969,Product C,Home,93,Supplier Y,33.94416834446512,4.942731610288671,58,SKU003,Warehouse B,Brand X,702.5633698571169,15
4970,Product B,Home,10,Supplier Y,7.292777944175227,2.279204983791954,68,SKU003,Warehouse C,Brand Y,300.4225191940477,15
4971,Product B,Electronics,18,Supplier Z,12.89019584959846,1.435295608050989,90,SKU002,Warehouse B,Brand X,820.9389193453912,7
4972,Product C,Electronics,99,Supplier X,29.30535589686114,1.475035214503002,78,SKU003,Warehouse A,Brand Z,79.33427739546345,30
4973,Product C,Clothing,80,Supplier Y,15.95136341866747,2.241370856228895,91,SKU001,Warehouse A,Brand X,793.2708407150452,15
4974,Product B,Electronics,49,Supplier Z,24.98464592854867,1.150580164467052,2,SKU003,Warehouse C,Brand Z,605.8328093916261,15
4975,Product C,Clothing,71,Supplier X,18.70025996866446,3.045954352487815,40,SKU003,Warehouse B,Brand Y,577.2637076724569,7
4976,Product C,Electronics,30,Supplier Z,32.0276898322024,1.854963661957281,0,SKU003,Warehouse B,Brand X,463.7932687472741,30
4977,Product B,Home,19,Supplier X,24.35726813904044,3.077242565587489,64,SKU003,Warehouse B,Brand Y,284.2751403205882,30
4978,Product C,Home,55,Supplier X,0.2304967986584083,1.563056874796881,69,SKU003,Warehouse B,Brand Y,469.4295825769242,7
4979,Product C,Electronics,60,Supplier X,32.4840418972692,2.719428916069969,74,SKU003,Warehouse A,Brand Y,455.5282268985005,15
4980,Product C,Electronics,87,Supplier Z,21.10607785250909,3.391667433604978,49,SKU003,Warehouse A,Brand Y,587.9166468952393,30
4981,Product B,Clothing,72,Supplier Z,17.08491702451114,1.247999753352432,79,SKU003,Warehouse C,Brand Y,288.7585429969749,30
4982,Product C,Clothing,81,Supplier X,4.707337614161178,2.594997237004234,96,SKU002,Warehouse B,Brand X,86.81962615638753,15
4983,Product B,Clothing,21,Supplier Y,11.01848452832457,2.210095283958751,87,SKU002,Warehouse A,Brand Y,153.6385521727469,7
4984,Product B,Home,26,Supplier X,11.18861457904267,1.961439265954536,58,SKU003,Warehouse B,Brand X,702.1856571469572,15
4985,Product A,Home,28,Supplier Z,46.76847497023645,3.418138504337986,95,SKU002,Warehouse A,Brand X,32.26740633918509,30
4986,Product A,Home,39,Supplier X,21.62564873732734,3.354167943061629,73,SKU003,Warehouse A,Brand X,857.8786141989757,7
4987,Product C,Home,33,Supplier Z,2.103292360758502,3.522799226710774,62,SKU003,Warehouse C,Brand Y,697.4533542051142,15
4988,Product B,Clothing,40,Supplier X,6.940834112166044,1.635530681730085,24,SKU003,Warehouse B,Brand Y,770.4056758946391,15
4989,Product A,Home,83,Supplier X,3.951633786645603,2.142836979449311,9,SKU002,Warehouse C,Brand X,837.6246046025401,7
4990,Product C,Home,29,Supplier Y,29.44346951036056,1.838715111980315,76,SKU001,Warehouse C,Brand Y,131.4833394908794,30
4991,Product A,Home,20,Supplier Y,9.331074578341337,3.162014419991368,0,SKU003,Warehouse C,Brand X,824.2265800603657,7
4992,Product A,Home,20,Supplier Z,24.9278820140888,2.844262756838465,98,SKU003,Warehouse C,Brand Y,509.5960132824658,7
4993,Product B,Electronics,74,Supplier X,18.50310314349878,2.321174950371,13,SKU001,Warehouse C,Brand Y,886.668600365665,30
4994,Product B,Clothing,12,Supplier Z,40.19381885720997,4.144059235473732,20,SKU002,Warehouse C,Brand X,887.72073504974,15
4995,Product A,Clothing,97,Supplier X,16.02448186326811,1.375894977633531,57,SKU001,Warehouse C,Brand Y,33.93626331662851,7
4996,Product A,Home,25,Supplier X,22.91327411984042,4.899586755022568,37,SKU003,Warehouse B,Brand X,389.0365633287036,7
4997,Product B,Electronics,25,Supplier X,36.06427742989129,1.466176311261275,0,SKU001,Warehouse C,Brand X,531.1348079066206,15
4998,Product C,Clothing,4,Supplier Y,21.66756034653197,4.092283250273478,83,SKU003,Warehouse B,Brand Y,681.576488885073,30
4999,Product B,Clothing,4,Supplier Z,39.66077680065946,2.472920756643327,4,SKU002,Warehouse B,Brand Y,293.3243842172926,15
5000,Product A,Home,9,Supplier X,33.08421781183324,4.461048916527222,43,SKU002,Warehouse A,Brand X,259.6208380580058,15
